4580760187838650
4580760164455817
4580760181217232
4580760135403821
4580760184870540
4580760164617853
4580760146381735
4580760110086377
4580760176215324
4580760125348283
4580760117557776
4580760100068567
4580760144416368
4580760133773662
4580760117736065
4580760104372064
4580760165232512
4580760134755163
4580760105015084
4580760120827315
4580760107738345
4580760152521687
4580760114600660
4580760155710568
4580760120462345
4580760130365256
4580760163414138
4580760181726000
4580760140077800
4580760137082300
4580760125727411
4580760117062348
4580760101134475
4580760176764057
4580760128085726
4580760114367138
4580760114408478
4580760124767632
4580760183241107
4580760171872756
4580760106615486
4580760118612448
4580760123837444
4580760108142406
4580760181783654
4580760167468346
4580760184182748
4580760187748545
4580760125404243
4580760142384881
4580760148134843
4580760182720184
4580760166704238
4580760110460036
4580760126828754
4580760187164867
4580760132136762
4580760181622605
4580760132666354
4580760130544454
4580760131346214
4580760156152646
4580760137685524
4580760165022202
4580760126476604
4580760144846341
4580760126313468
4580760144516068
4580760113130263
4580760111607528
4580760130788754
4580760168827136
4580760162285604
4580760148137861
4580760167618353
4580760150865151
4580760133365758
4580760154530660
4580760184151065
4580760173571554
4580760135545365
4580760143713302
4580760112274138
4580760121133465
4580760185337242
4580760100116523
4580760130140022
4580760101184355
4580760131417072
4580760172767476
4580760123558305
4580760178750518
4580760150634482
4580760182113588
4580760158247741
4580760166404318
4580760101527512
4580760180280702
4580760130680522
4580760127077450