08587196
08587203
08587228
08587249
08587264
08587266
08587271
08587292
08587342
08587343
08587346
08587347
08587376
08587384
08587424
08587437
08587444
08587447
08587454
08587460
08587478
08587500
08587508
08587526
08587531
08587535
08587557
08587562
08587563
08587565
08587576
08587602
08587612
08587644
08587657
08587664
08587669
08587681
08587705
08587709
08587732
08587738
08587760
08587764
08587781
08587788
08587809
08587844
08587865
08587881
08587882
08587906
08587907
08587915
08587919
08587932
08587950
08587974
08587988
08588008
08588017
08588021
08588037
08588055
08588062
08588066
08588079
08588083
08588090
08588104
08588106
08588116
08588130
08588135
08588140
08588163
08588180
08588184
08588188
08588189
08588202
08588204
08588205
08588211
08588253
08588277
08588331
08588336
08588358
08588360
08588380
08588412
08588415
08588416
08588422
08588455
08588466
08588468
08588480
08588483
08588492
08588502
08588504
08588508
08588509
08588510
08588511
08588517
08588523
08588524
08588525
08588541
08588547
08588555
08588556
08588592
08588628
08588649
08588667
08588672
08588693
08588714
08588723
08588736
08588755
08588756
08588762
08588769
08588770
08588780
08588801
08588804
08588846
08588860
08588884
08588891
08588897
08588936
08588946
08588964
08588998
08589028
08589037
08589039
08589043
08589052
08589064
08589067
08589068
08589083
08589103
08589114
08589150
08589169
08589198
08589206
08589216
08589223
08589232
08589243
08589248
08589255
08589256
08589268
08589275
08589281
08589283
08589284
08589285
08589288
08589292
08589344
08589370
08589388
08589389
08589422
08589438
08589446
08589453
08589473
08589479
08589504
08589518
08589524
08589538
08589541
08589571
08589572
08589575
08589584
08589594
08589608
08589631
08589634
08589636
08589642
08589648
08589657
08589661
08589672
08589677
08589693
08589694
08589753
08589754
08589756
08589760
08589763
08589771
08589785
08589812
08589815
08589821
08589841
08589855
08589869
08589884
08589887
08589891
08589892
08589894
08589910
08589917
08589955
08589956
08589979
08589980
08589989
08589999
08590013
08590026
08590033
08590052
08590057
08590081
08590086
08590093
08590101
08590107
08590124
08590170
08590171
08590172
08590182
08590195
08590204
08590228
08590278
08590299
08590300
08590314
08590317
08590324
08590331
08590335
08590338
08590349
08590367
08590368
08590390
08590394
08590399
08590416
08590419
08590420
08590428
08590437
08590452
08590459
08590478
08590483
08590516
08590535
08590544
08590560
08590582
08590583
08590584
08590586
08590587
08590597
08590602
08590621
08590628
08590644
08590656
08590662
08590666
08590673
08590681
08590690
08590695
08590713
08590714
08590732
08590745
08590751
08590769
08590775
08590779
08590786
08590800
08590805
08590819
08590820
08590823
08590829
08590831
08590851
08590867
08590870
08590883
08590893
08590897
08590898
08590906
08590913
08590920
08590933
08590947
08590982
08590983
08590998
08591008
08591017
08591045
08591076
08591089
08591092
08591098
08591105
08591120
08591128
08591131
08591142
08591155
08591159
08591170
08591183
08591188
08591190
08591194
08591212
08591237
08591246
08591260
08591268
08591313
08591325
08591329
08591330
08591366
08591376
08591386
08591394
08591403
08591409
08591433
08591447
08591449
08591455
08591458
08591475
08591488
08591493
08591519
08591521
08591531
08591555
08591560
08591568
08591604
08591620
08591623
08591630
08591655
08591658
08591661
08591675
08591703
08591708
08591721
08591737
08591739
08591757
08591758
08591762
08591796
08591820
08591863
08591864
08591865
08591888
08591914
08591918
08591939
08591955
08591970
08591984
08591990
08592013
08592014
08592021
08592033
08592052
08592059
08592069
08592100
08592110
08592115
08592144
08592165
08592184
08592185
08592204
08592306
08592311
08592316
08592362
08592384
08592387
08592409
08592419
08592430
08592463
08592467
08592486
08592488
08592511
08592528
08592530
08592534
08592537
08592541
08592544
08592547
08592567
08592577
08592588
08592618
08592632
08592656
08592663
08592705
08592707
08592708
08592742
08592744
08592760
08592768
08592786
08592787
08592789
08592796
08592798
08592806
08592813
08592820
08592833
08592842
08592852
08592867
08592881
08592888
08592893
08592900
08592908
08592920
08592931
08592952
08592956
08592968
08592972
08593013
08593029
08593038
08593040
08593044
08593047
08593054
08593109
08593136
08593155
08593189
08593197
08593210
08593220
08593242
08593251
08593325
08593327
08593330
08593348
08593357
08593358
08593362
08593390
08593409
08593468
08593477
08593489
08593495
08593506
08593511
08593513
08593522
08593528
08593541
08593564
08593567
08593572
08593598
08593604
08593608
08593622
08593634
08593645
08593650
08593718
08593724
08593738
08593761
08593782
08593784
08593789
08593792
08593836
08593859
08593872
08593873
08593878
08593903
08593916
08593931
08593950
08593951
08593966
08593967
08593968
08594008
08594014
08594016
08594021
08594037
08594045
08594079
08594087
08594095
08594151
08594157
08594250
08594257
08594265
08594269
08594315
08594328
08594332
08594333
08594352
08594354
08594371
08594375
08594377
08594391
08594416
08594418
08594449
08594465
08594468
08594472
08594477
08594497
08594590
08594607
08594611
08594633
08594661
08594698
08594721
08594740
08594745
08594747
08594782
08594783
08594808
08594827
08594838
08594840
08594848
08594859
08594863
08594867
08594887
08594896
08594908
08594919
08594958
08594960
08595019
08595022
08595026
08595050
08595056
08595078
08595085
08595090
08595110
08595114
08595115
08595125
08595142
08595160
08595162
08595171
08595172
08595184
08595280
08595305
08595320
08595356
08595368
08595375
08595387
08595398
08595402
08595404
08595429
08595437
08595449
08595453
08595469
08595473
08595476
08595507
08595520
08595531
08595552
08595559
08595592
08595593
08595599
08595609
08595626
08595632
08595667
08595684
08595694
08595697
08595706
08595728
08595753
08595760
08595824
08595834
08595856
08595899
08595901
08595911
08595916
08595917
08595935
08595938
08595940
08595945
08595947
08595959
08595985
08596005
08596019
08596025
08596068
08596084
08596087
08596098
08596110
08596125
08596127
08596142
08596145
08596158
08596164
08596176
08596178
08596188
08596195
08596217
08596218
08596230
08596241
08596257
08596260
08596266
08596269
08596288
08596303
08596330
08596332
08596347
08596377
08596394
08596395
08596396
08596412
08596442
08596445
08596473
08596476
08596481
08596528
08596570
08596572
08596580
08596598
08596616
08596662
08596675
08596687
08596690
08596699
08596709
08596712
08596719
08596725
08596732
08596766
08596778
08596795
08596801
08596826
08596827
08596845
08596853
08596854
08596870
08596879
08596930
08596942
08596945
08596962
08596981
08596993
08597026
08597036
08597037
08597038
08597048
08597053
08597112
08597117
08597122
08597135
08597156
08597162
08597166
08597173
08597178
08597192
08597222
08597242
08597248
08597257
08597265
08597268
08597284
08597314
08597319
08597327
08597335
08597379
08597384
08597385
08597389
08597408
08597409
08597427
08597434
08597442
08597451
08597459
08597470
08597482
08597484
08597503
08597515
08597531
08597535
08597547
08597549
08597554
08597558
08597574
08597612
08597616
08597627
08597638
08597681
08597683
08597687
08597691
08597704
08597714
08597719
08597723
08597724
08597755
08597769
08597786
08597826
08597839
08597848
08597869
08597871
08597877
08597913
08597920
08597937
08597955
08597961
08597968
08597979
08597980
08597992
08598009
08598033
08598047
08598050
08598052
08598053
08598065
08598086
08598093
08598132
08598154
08598172
08598173
08598177
08598192
08598204
08598224
08598237
08598309
08598339
08598363
08598387
08598400
08598411
08598414
08598420
08598431
08598433
08598445
08598456
08598458
08598711
08598715
08598720
08598724
08598725
08598734
08598747
08598752
08598762
08598775
08598779
08598791
08598797
08598842
08598845
08598852
08598871
08598872
08598875
08598881
08598883
08598886
08598887
08598893
08598943
08598982
08598996
08599013
08599046
08599051
08599082
08599100
08599108
08599117
08599205
08599238
08599282
08599294
08599296
08599303
08599309
08599322
08599351
08599365
08599372
08599377
08599386
08599402
08599407
08599408
08599418
08599428
08599451
08599458
08599465
08599482
08599499
08599526
08599545
08599558
08599571
08599573
08599612
08599624
08599647
08599658
08599668
08599676
08599702
08599724
08599727
08599734
08599739
08599748
08599763
08599775
08599795
08599805
08599810
08599812
08599813
08599827
08599844
08599849
08599852
08599853
08599890
08599899
08599921
08599925
08599935
08599943
08599962
08599974
08599985
08600005
08600027
08600028
08600030
08600052
08600085
08600107
08600115
08600122
08600135
08600172
08600177
08600185
08600188
08600210
08600223
08600250
08600255
08600257
08600286
08600331
08600334
08600338
08600344
08600354
08600386
08600395
08600397
08600399
08600403
08600415
08600431
08600458
08600472
08600484
08600492
08600508
08600512
08600532
08600545
08600581
08600607
08600643
08600648
08600657
08600665
08600671
08600715
08600723
08600737
08600742
08600743
08600780
08600795
08600843
08600853
08600855
08600867
08600876
08600877
08600901
08600910
08600911
08600922
08600934
08600943
08600950
08600952
08600993
08601004
08601012
08601042
08601058
08601064
08601066
08601067
08601097
08601125
08601141
08601143
08601152
08601155
08601165
08601197
08601231
08601233
08601249
08601268
08601288
08601293
08601294
08601297
08601309
08601320
08601343
08601344
08601362
08601375
08601394
08601401
08601411
08601413
08601436
08601450
08601470
08601479
08601480
08601497
08601502
08601515
08601548
08601619
08601623
08601625
08601653
08601660
08601670
08601673
08601678
08601701
08601703
08601734
08601735
08601755
08601767
08601776
08601849
08601898
08601900
08601915
08601920
08601924
08601932
08601966
08601995
08602001
08602007
08602013
08602026
08602027
08602031
08602038
08602044
08602050
08602051
08602052
08602064
08602082
08602114
08602115
08602130
08602131
08602137
08602141
08602152
08602157
08602167
08602178
08602237
08602241
08602252
08602263
08602264
08602265
08602283
08602287
08602289
08602292
08602312
08602325
08602327
08602332
08602353
08602359
08602379
08602385
08602390
08602391
08602399
08602400
08602403
08602410
08602420
08602447
08602471
08602474
08602487
08602493
08602496
08602505
08602516
08602549
08602564
08602572
08602587
08602588
08602589
08602591
08602595
08602622
08602623
08602627
08602629
08602634
08602640
08602679
08602682
08602689
08602691
08602740
08602749
08602761
08602764
08602768
08602790
08602792
08602804
08602816
08602824
08602834
08602835
08602839
08602843
08602849
08602856
08602859
08602871
08602888
08602900
08602905
08602913
08602943
08602959
08603000
08603005
08603019
08603020
08603027
08603036
08603048
08603050
08603068
08603072
08603084
08603086
08603089
08603090
08603096
08603098
08603149
08603166
08603187
08603188
08603214
08603216
08603219
08603237
08603248
08603250
08603257
08603258
08603263
08603271
08603276
08603293
08603335
08603336
08603360
08603372
08603384
08603413
08603420
08603423
08603448
08603459
08603462
08603480
08603512
08603517
08603518
08603540
08603549
08603555
08603556
08603574
08603589
08603624
08603625
08603629
08603637
08603665
08603696
08603697
08603698
08603716
08603717
08603764
08603792
08603802
08603808
08603817
08603832
08603858
08603870
08603879
08603923
08603927
08603951
08603955
08603968
08603972
08604004
08604005
08604035
08604037
08604043
08604044
08604090
08604097
08604104
08604136
08604170
08604182
08604192
08604193
08604243
08604280
08604282
08604287
08604288
08604289
08604298
08604331
08604337
08604342
08604356
08604371
08604381
08604385
08604399
08604405
08604424
08604430
08604436
08604471
08604472
08604489
08604490
08604536
08604545
08604547
08604568
08604569
08604590
08604605
08604606
08604615
08604640
08604662
08604669
08604677
08604693
08604709
08604711
08604736
08604745
08604789
08604791
08604809
08604813
08604907
08604910
08604916
08604948
08604952
08604964
08604972
08604987
08604993
08605033
08605041
08605084
08605101
08605111
08605119
08605121
08605123
08605124
08605129
08605131
08605152
08605153
08605177
08605202
08605204
08605212
08605233
08605238
08605244
08605258
08605272
08605278
08605285
08605297
08605302
08605303
08605334
08605353
08605384
08605393
08605395
08605407
08605427
08605447
08605454
08605455
08605464
08605467
08605477
08605509
08605535
08605573
08605581
08605583
08605590
08605594
08605598
08605603
08605612
08605614
08605623
08605632
08605655
08605659
08605660
08605661
08605671
08605674
08605684
08605744
08605753
08605766
08605778
08605780
08605789
08605797
08605826
08605839
08605844
08605862
08605882
08605885
08605899
08605919
08605925
08605928
08605942
08605954
08605958
08605967
08605980
08606016
08606017
08606020
08606029
08606032
08606056
08606065
08606067
08606069
08606074
08606078
08606090
08606093
08606126
08606140
08606148
08606171
08606195
08606206
08606209
08606217
08606218
08606224
08606254
08606266
08606268
08606269
08606274
08606277
08606289
08606297
08606312
08606313
08606321
08606354
08606357
08606362
08606371
08606374
08606920
08606934
08606940
08606957
08606966
08606972
08606979
08606995
08607000
08607002
08607004
08607051
08607065
08607082
08607097
08607102
08607131
08607137
08607140
08607180
08607195
08607210
08607211
08607217
08607218
08607222
08607240
08607253
08607258
08607260
08607272
08607291
08607296
08607324
08607335
08607340
08607354
08607370
08607397
08607426
08607430
08607464
08607466
08607467
08607471
08607518
08607520
08607521
08607523
08607526
08607527
08607531
08607547
08607552
08607562
08607575
08607576
08607600
08607652
08607665
08607695
08607726
08607738
08607741
08607753
08607772
08607792
08607793
08607799
08607814
08607831
08607835
08607839
08607845
08607852
08607853
08607857
08607862
08607874
08607879
08607901
08607919
08607921
08607930
08607951
08607960
08607961
08607964
08607969
08607981
08607985
08608007
08608015
08608027
08608043
08608048
08608064
08608094
08608095
08608102
08608107
08608114
08608118
08608119
08608120
08608153
08608160
08608166
08608183
08608195
08608204
08608210
08608211
08608222
08608227
08608233
08608236
08608263
08608284
08608289
08608309
08608314
08608317
08608319
08608320
08608325
08608358
08608361
08608369
08608390
08608401
08608412
08608415
08608416
08608434
08608441
08608446
08608466
08608468
08608477
08608478
08608485
08608491
08608496
08608498
08608501
08608511
08608515
08608527
08608547
08608557
08608571
08608573
08608588
08608590
08608591
08608598
08608608
08608612
08608613
08608633
08608661
08608677
08608679
08608735
08608744
08608747
08608749
08608750
08608753
08608755
08608766
08608824
08608831
08608851
08608853
08608854
08608858
08608885
08608889
08608897
08608911
08608929
08608935
08608939
08608983
08608990
08609002
08609013
08609017
08609019
08609037
08609051
08609058
08609071
08609083
08609087
08609111
08609116
08609117
08609129
08609133
08609139
08609149
08609158
08609159
08609173
08609175
08609207
08609239
08609275
08609278
08609280
08609295
08609297
08609301
08609303
08609306
08609316
08609321
08609336
08609352
08609359
08609360
08609366
08609385
08609400
08609411
08609430
08609454
08609469
08609497
08609507
08609547
08609548
08609549
08609570
08609609
08609613
08609656
08609695
08609709
08609736
08609751
08609761
08609776
08609787
08609815
08609845
08609871
08609877
08609912
08609920
08609941
08609958
08609981
08609983
08609989
08610006
08610015
08610034
08610089
08610106
08610107
08610131
08610137
08610138
08610171
08610181
08610186
08610194
08610244
08610246
08610249
08610268
08610270
08610273
08610282
08610286
08610305
08610364
08610371
08610385
08610390
08610392
08610419
08610423
08610441
08610518
08610521
08610522
08610530
08610545
08610547
08610551
08610576
08610577
08610582
08610594
08610601
08610606
08610619
08610620
08610639
08610657
08610661
08610690
08610695
08610736
08610779
08610781
08610784
08610791
08610794
08610804
08610827
08610850
08610854
08610867
08610876
08610885
08610906
08610947
08610949
08610956
08610958
08610961
08610976
08611005
08611057
08611080
08611110
08611133
08611141
08611151
08611162
08611168
08611169
08611181
08611203
08611256
08611263
08611268
08611286
08611298
08611362
08611363
08611403
08611407
08611520
08611576
08611602
08611614
08611617
08611621
08611648
08611651
08611666
08611713
08611752
08611755
08611777
08611778
08611784
08611789
08611790
08611791
08611804
08611807
08611815
08611827
08611836
08611840
08611856
08611858
08611864
08611869
08611876
08611895
08611898
08611899
08611908
08611909
08611911
08611915
08611933
08611934
08611942
08611949
08611951
08611982
08612006
08612016
08612026
08612057
08612058
08612120
08612133
08612155
08612157
08612163
08612177
08612190
08612191
08612202
08612205
08612209
08612225
08612228
08612235
08612238
08612244
08612245
08612251
08612258
08612290
08612297
08612308
08612360
08612377
08612386
08612398
08612412
08612421
08612432
08612474
08612480
08612497
08612512
08612534
08612560
08612563
08612587
08612606
08612624
08612628
08612674
08612688
08612730
08612731
08612740
08612751
08612793
08612802
08612804
08612806
09957213
09957218
09957226
09957232
09957236
09957251
09957252
09957256
09957257
09957258
09957264
09957266
09957276
09957278
09957280
09957292
09957294
09957303
09957304
09957308
09957311
09957314
09957331
09957334
09957345
09957346
09957347
09957352
09957357
09957364
09957368
09957370
09957372
09957374
09957375
09957384
09957387
09957388
09957394
09957395
09957396
09957397
09957411
09957412
09957418
09957419
09957427
09957433
09957434
09957437
09957447
09957459
09957470
09957475
09957478
09957484
09957489
09957495
09957496
09957497
09957501
09957506
09957508
09957509
09957510
09957518
09957519
09957521
09957538
09957550
09957563
09957564
09957573
09957574
09957577
09957582
09957587
09957588
09957595
09957596
09957605
09957620
09957628
09957630
09957655
09957658
09957659
09957666
09957670
09957685
09957692
09957701
09957702
09957706
09957708
09957711
09957716
09957732
09957747
09957749
09957761
09957775
09957778
09957780
09957790
09957791
09957800
09957802
09957813
09957818
09957835
09957839
09957846
09957865
09957873
09957884
09957887
09957890
09957891
09957901
09957903
09957915
09957928
09957930
09957933
09957953
09957966
09957971
09957976
09957978
09957982
09958001
09958002
09958003
09958007
09958010
09958018
09958027
09958033
09958035
09958040
09958055
09958061
09958062
09958064
09958066
09958067
09958068
09958069
09958070
09958073
09958078
09958089
09958095
09958096
09958099
09958103
09958113
09958121
09958124
09958125
09958127
09958136
09958144
09958159
09958166
09958172
09958186
09958190
09958195
09958198
09958203
09958206
09958219
09958225
09958230
09958236
09958240
09958242
09958252
09958265
09958267
09958274
09958275
09958278
09958284
09958286
09958295
09958297
09958300
09958303
09958305
09958308
09958313
09958316
09958319
09958323
09958329
09958331
09958346
09958350
09958352
09958356
09958357
09958392
09958411
09958414
09958429
09958430
09958436
09958454
09958455
09958467
09958469
09958474
09958488
09958492
09958504
09958507
09958511
09958520
09958536
09958540
09958544
09958549
09958555
09958572
09958574
09958579
09958580
09958582
09958583
09958586
09958587
09958595
09958599
09958603
09958604
09958606
09958607
09958608
09958617
09958619
09958634
09958640
09958654
09958655
09958663
09958669
09958671
09958674
09958684
09958690
09958702
09958706
09958720
09958728
09958735
09958742
09958749
09958764
09958772
09958775
09958776
09958778
09958779
09958784
09958785
09958788
09958796
09958798
09958802
09958810
09958812
09958819
09958820
09958831
09958833
09958838
09958842
09958849
09958855
09958858
09958880
09958886
09958892
09958895
09958899
09958902
09958904
09958906
09958908
09958909
09958911
09958924
09958936
09958937
09958941
09958944
09958946
09958948
09958953
09958954
09958965
09958974
09958985
09958988
09958999
09959026
09959028
09959033
09959038
09959040
09959044
09959052
09959055
09959057
09959058
09959070
09959072
09959080
09959081
09959088
09959090
09959095
09959098
09959127
09959128
09959133
09959134
09959145
09959148
09959149
09959165
09959168
09959178
09959181
09959198
09959200
09959238
09959242
09959251
09959259
09959274
09959281
09959283
09959289
09959292
09959293
09959295
09959298
09959300
09959301
09959309
09959320
09959330
09959331
09959342
09959364
09959373
09959374
09959386
09959394
09959402
09959407
09959413
09959463
09959466
09959471
09959472
09959473
09959482
09959483
09959491
09959505
09959522
09959523
09959524
09959552
09959553
09959559
09959560
09959563
09959564
09959579
09959592
09959593
09959595
09959613
09959615
09959631
09959632
09959645
09959646
09959647
09959648
09959649
09959659
09959660
09959678
09959679
09959680
09959681
09959682
09959685
09959686
09959687
09959688
09959689
09959690
09959691
09959694
09959696
09959697
09959698
09959699
09959700
09959701
09959702
09959703
09959704
09959705
09959706
09959707
09959708
09959709
09959710
09959711
09959712
09959713
09959714
09959715
09959716
09959720
09959722
09959725
09959726
09959733
09959744
09959759
09959762
09959772
09959773
09959774
09959787
09959794
09959795
09959796
09959798
09959810
09959814
09959824
09959831
09959835
09959836
09959837
09959839
09959844
09959846
09959857
09959859
09959871
09959886
09959895
09959896
09959902
09959903
09959909
09959939
09959940
09959942
09959943
09959944
09959945
09959959
09959960
09959962
09959966
09959967
09959968
09959978
09959979
09959989
09959996
09959997
09959998
09959999
09960000
09960001
09960002
09960003
09960004
09960005
09960006
09960007
09960008
09960009
09960010
09960011
09960012
09960013
09960014
09960015
09960016
09960017
09960018
09960019
09960020
09960021
09960022
09960023
09960024
09960025
09960026
09960027
09960028
09960029
09960030
09960031
09960032
09960033
09960034
09960035
09960036
09960037
09960040
09960041
09960047
09960062
09960072
09960074
09960094
09960095
09960096
09960107
09960122
09960146
09960163
09960166
09960171
09960172
09960180
09960182
09960183
09960195
09960198
09960211
09960223
09960253
09960256
09960260
09960261
09960266
09960268
09960279
09960285
09960288
09960297
09960304
09960310
09960311
09960326
09960328
09960340
09960344
09960345
09960347
09960355
09960357
09960370
09960374
09960386
09960390
09960391
09960394
09960400
09960414
09960422
09960426
09960428
09960440
09960446
09960455
09960457
09960481
09960487
09960489
09960491
09960494
09960499
09960502
09960503
09960505
09960506
09960510
09960512
09960517
09960522
09960525
09960535
09960558
09960560
09960561
09960565
09960573
09960578
09960594
09960599
09960607
09960609
09960614
09960621
09960630
09960633
09960637
09960640
09960642
09960657
09960663
09960664
09960684
09960689
09960692
09960697
09960699
09960702
09960703
09960705
09960708
09960713
09960714
09960723
09960726
09960730
09960735
09960736
09960744
09960748
09960753
09960754
09960766
09960773
09960775
09960781
09960782
09960797
09960804
09960807
09960810
09960813
09960815
09960818
09960820
09960821
09960822
09960823
09960827
09960829
09960832
09960842
09960843
09960845
09960847
09960849
09960860
09960863
09960886
09960887
09960897
09960914
09960916
09960919
09960921
09960925
09960936
09960945
09960963
09960975
09960984
09960988
09961016
09961034
09961038
09961055
09961065
09961071
09961072
09961073
09961097
09961101
09961106
09961111
09961114
09961125
09961140
09961141
09961145
09961151
09961157
09961165
09961183
09961186
09961195
09961198
09961210
09961213
09961218
09961223
09961240
09961245
09961254
09961260
09961261
09961276
09961278
09961288
09961297
09961308
09961311
09961322
09961323
09961325
09961326
09961344
09961347
09961349
09961350
09961351
09961355
09961357
09961365
09961366
09961371
09961375
09961378
09961384
09961385
09961405
09961409
09961410
09961411
09961412
09961414
09961418
09961424
09961427
09961433
09961440
09961454
09961461
09961462
09961465
09961475
09961483
09961484
09961494
09961498
09961504
09961505
09961507
09961513
09961522
09961528
09961551
09961554
09961558
09961565
08612835
08612840
08612846
08612904
08612947
08612961
08612982
08612985
08612999
08613004
08613021
08613034
08613040
08613047
08613067
08613078
08613085
08613112
08613146
08613178
08613182
08613185
08613187
08613200
08613226
08613228
08613239
08613271
08613284
08613301
08613307
08613310
08613322
08613324
08613340
08613365
08613366
08613373
08613376
08613379
08613397
08613402
08613446
08613465
08613479
08613511
08613515
08613565
08613578
08613581
08613595
08613603
08613609
08613616
08613634
08613653
08613664
08613739
08613746
08613748
08613751
08613762
08613800
08613808
08613818
08613853
08613854
08613860
08613867
08613882
08613911
08613928
08613936
08613947
08613952
08613964
08613970
08613983
08614020
08614045
08614069
08614080
08614090
08614094
08614146
08614147
08614158
08614164
08614166
08614167
08614172
08614185
08614187
08614201
08614206
08614216
08614217
08614232
08614233
08614237
08614239
08614252
08614254
08614266
08614307
08614331
08614347
08614359
08614360
08614361
08614367
08614375
08614383
08614414
08614421
08614457
08614489
08614493
08614495
08614497
08614541
08614548
08614622
08614628
08614630
08614665
08614667
08614671
08614672
08614695
08614698
08614700
08614725
08614736
08614737
08614777
08614783
08614794
08614798
08614802
08614804
08614817
08614829
08614841
08614842
08614844
08614856
08614869
08614883
08614887
08614898
08614934
08614943
08614947
08614950
08615005
08615010
08615011
08615021
08615040
08615044
08615046
08615059
08615070
08615086
08615100
08615128
08615149
08615162
08615170
08615185
08615187
08615199
08615223
08615227
08615238
08615253
08615260
08615264
08615306
08615309
08615319
08615324
08615398
08615431
08615434
08615435
08615447
08615465
08615472
08615507
08615528
08615537
08615586
08615588
08615625
08615631
08615642
08615650
08615657
08615685
08615725
08615727
08615738
08615750
08615776
08615778
08615787
08615804
08615805
08615809
08615843
08615865
08615870
08615875
08615876
08615882
08615961
08615965
08615972
08615973
08616002
08616018
08616035
08616044
08616062
08616068
08616091
08616110
08616115
08616125
08616136
08616142
08616165
08616183
08616196
08616212
08616250
08616274
08616294
08616313
08616315
08616338
08616374
08616406
08616407
08616408
08616428
08616433
08616436
08616460
08616467
08616491
08616499
08616519
08616570
08616573
08616583
08616585
08616586
08616603
08616622
08616623
08616635
08616643
08616670
08616721
08616737
08616752
08616754
08616789
08616801
08616803
08616864
08616898
08616910
08616918
08616919
08616920
08616929
08616940
08616949
08616987
08617016
08617032
08617034
08617046
08617061
08617081
08617120
08617125
08617138
08617144
08617168
08617203
08617211
08617221
08617224
08617231
08617240
08617295
08617337
08617346
08617349
08617366
08617377
08617379
08617388
08617407
08617432
08617457
08617476
08617518
08617537
08617564
08617604
08617611
08617626
08617635
08617636
08617655
08617685
08617713
08617721
08617728
08617744
08617763
08617795
08617802
08617808
08617822
08617844
08617848
08617854
08617867
08617886
08617904
08617921
08617930
08617953
08617954
08617984
08618005
08618028
08618043
08618053
08618069
08618073
08618081
08618093
08618107
08618112
08618149
08618162
08618168
08618173
08618177
08618191
08618194
08618199
08618208
08618211
08618213
08618216
08618230
08618231
08618232
08618233
09961569
09961583
09961589
09961593
09961599
09961600
09961602
09961624
09961645
09961649
09961652
09961653
09961664
09961679
09961683
09961690
09961696
09961705
09961707
09961708
09961711
09961714
09961721
09961727
09961732
09961734
09961739
09961740
09961743
09961748
09961749
09961751
09961753
09961759
09961764
09961767
09961786
09961799
09961802
09961804
09961809
09961810
09961833
09961849
09961858
09961860
09961868
09961873
09961874
09961879
09961880
09961881
09961884
09961915
09961919
09961920
09961922
09961925
09961937
09961939
09961940
09961941
09961945
09961961
09961969
09961971
09961991
09961995
09962006
09962024
09962040
09962041
09962057
09962059
09962060
09962077
09962083
09962089
09962097
09962102
09962119
09962128
09962132
09962140
09962145
09962155
09962160
09962168
09962174
09962183
09962195
09962214
09962219
09962224
09962225
09962233
09962234
09962245
09962252
09962253
09962273
09962283
09962300
09962304
09962312
09962313
09962316
09962326
09962331
09962354
09962359
09962360
09962364
09962377
09962381
09962387
09962391
09962392
09962393
09962408
09962409
09962427
09962440
09962449
09962455
09962458
09962460
09962487
09962497
09962503
09962508
09962517
09962521
09962524
09962530
09962540
09962550
09962555
09962579
09962582
09962583
09962586
09962595
09962607
09962629
09962631
09962650
09962653
09962661
09962665
09962667
09962670
09962675
09962678
09962702
09962709
09962710
09962722
09962726
09962730
09962735
09962743
09962746
09962751
09962763
09962765
09962768
09962776
09962778
09962797
09962801
09962808
09962811
09962820
09962822
09962836
09962842
09962866
09962871
09962884
09962887
09962902
09962920
09962922
09962928
09962935
09962936
09962939
09962944
09962954
09962956
09962966
09962976
09962982
09962989
09962995
09963002
09963010
09963019
09963033
09963043
09963053
09963057
09963063
09963068
09963078
09963117
09963118
09963120
09963141
09963143
09963144
09963146
09963153
09963159
09963167
09963172
09963175
09963181
09963191
09963195
09963205
09963245
09963252
09963265
09963267
09963270
09963271
09963281
09963289
09963294
09963295
09963305
09963307
09963311
09963313
09963326
09963333
09963339
09963341
09963356
09963359
09963362
09963364
09963383
09963394
09963395
09963405
09963410
09963425
09963444
09963445
09963449
09963450
09963457
09963464
09963466
09963487
09963525
09963536
09963549
09963569
09963610
09963618
09963620
09963621
09963635
09963644
09963646
09963672
09963697
09963700
09963705
09963710
09963717
09963723
09963724
09963725
09963728
09963729
09963737
09963744
09963745
09963752
09963757
09963774
09963776
09963791
09963818
09963823
09963835
09963846
09963857
09963860
09963862
09963882
09963885
09963890
09963891
09963892
09963893
09963901
09963905
09963916
09963921
09963928
09963935
09963938
09963945
09963959
09963974
09963991
09964021
09964045
09964046
09964050
09964075
09964081
09964089
09964099
09964108
09964113
09964115
09964120
09964121
09964122
09964123
09964126
09964133
09964137
09964140
09964153
09964155
09964159
09964172
09964176
09964177
09964194
09964200
09964204
09964215
09964221
09964232
09964235
09964239
09964243
09964244
09964260
09964279
09964291
09964299
09964313
09964315
09964332
09964338
09964340
09964341
09964347
09964350
09964355
09964362
09964378
09964395
09964396
09964400
09964401
09964435
09964444
09964447
09964448
09964453
09964487
09964499
09964509
09964517
09964518
09964526
09964528
09964529
09964535
09964540
09964542
09964567
09964573
09964574
09964581
09964596
09964599
09964624
09964630
09964644
09964647
09964653
09964671
09964672
09964677
09964690
09964691
09964704
09964710
09964733
09964750
09964756
09964757
09964760
09964767
09964783
09964798
09964807
09964808
09964809
09964814
09964816
09964819
09964821
09964826
09964836
09964853
09964858
09964859
09964865
09964871
09964884
09964893
09964899
09964903
09964910
09964917
09964920
09964946
09964950
09964953
09964967
09964970
09964975
09964984
09964988
09964993
09965004
09965071
09965074
09965076
09965088
09965096
09965099
09965104
09965105
09965120
09965129
09965138
09965144
09965160
09965174
09965177
09965189
09965190
09965201
09965223
09965227
09965239
09965240
09965243
09965251
09965255
09965269
09965270
09965275
09965276
09965280
09965301
09965316
09965327
09965346
09965355
09965358
09965361
09965370
09965376
09965378
09965381
09965396
09965401
09965406
09965414
09965418
09965420
09965445
09965464
09965474
09965485
09965533
09965534
09965538
09965544
09965545
09965552
09965565
09965571
09965582
09965586
09965591
09965592
09965600
09965604
09965605
09965611
09965615
09965617
09965620
09965623
09965627
09965635
09965642
09965647
09965650
09965651
09965669
09965670
09965672
09965684
09965686
09965691
09965697
09965706
09965711
09965714
09965721
09965726
09965733
09965738
09965743
09965748
09965753
09965756
09965757
09965762
09965768
09965785
09965787
09965788
09965789
09965790
09965809
09965811
09965829
09965841
09965842
09965846
09965848
09965850
09965860
09965863
09965874
09965880
09965895
09965899
09965911
09965913
09965944
09965948
09965951
09965967
09965978
09965979
09965989
09965993
09966011
09966018
09966023
09966024
09966029
09966032
09966049
09966062
09966068
09966070
09966075
09966083
09966093
09966094
09966120
09966125
09966134
09966135
09966140
09966141
09966152
09966154
09966162
09966175
09966196
09966198
09966207
09966230
09966237
09966249
09966267
09966277
09966297
09966299
09966302
09966308
09966314
09966325
09966326
09966327
09966342
09966364
09966377
09966393
09966400
09966405
09966416
09966425
09966433
09966436
09966438
09966443
09966450
09966461
09966464
09966465
09966467
09966476
09966479
09966492
09966497
09966511
09966529
09966537
09966538
09966541
09966542
09966561
09966572
09966576
09966581
09966585
09966592
09966600
09966602
09966622
09966642
09966652
09966655
09966660
09966668
09966670
09966673
09966682
09966685
09966686
09966692
09966714
09966727
09966736
09966748
09966765
09966768
09966783
09966785
09966802
09966810
09966832
09966837
09966852
09966855
09966892
09966904
09966908
09966914
09966920
09966924
09966927
09966934
09966955
09966960
09966977
09966994
09967003
09967004
09967009
09967010
09967014
09967015
09967023
09967027
09967035
09967048
09967063
09967071
09967074
09967076
09967084
09967095
09967105
09967114
09967117
09967147
09967149
09967151
09967155
09967175
09967190
09967197
09967198
09967205
09967242
09967262
09967282
09967287
09967292
09967304
09967306
09967328
09967349
09967350
09967357
09967365
09967387
09967389
09967394
09967401
09967411
09967420
09967429
09967439
09967457
09967459
09967465
09967470
09967471
09967490
09967514
09967517
09967532
09967536
09967537
09967542
09967543
09967558
09967560
09967564
09967572
09967573
09967583
09967591
09967597
09967622
09967627
09967632
09967635
09967642
09967646
09967648
09967653
09967670
09967671
09967679
09967689
09967690
09967692
09967704
09967709
09967713
09967722
09967725
09967731
09967732
09967733
09967741
09967746
09967750
09967755
09967763
09967769
09967771
09967773
09967780
09967790
09967799
09967801
09967806
09967808
09967818
09967820
09967823
09967828
09967831
09967839
09967841
09967848
09967869
09967879
09967882
09967908
09967914
09967918
09967921
09967928
09967929
09967932
09967936
09967957
09967958
09967963
09967967
09967981
09967987
09967992
09967993
09967995
09968002
09968006
09968015
09968033
09968036
09968037
09968044
09968045
09968054
09968055
09968056
09968072
09968079
09968089
09968099
09968111
09968126
09968127
09968160
09968162
09968165
09968172
09968173
09968177
09968196
09968205
09968213
09968214
09968218
09968231
09968238
09968243
09968247
09968250
09968254
09968268
09968275
09968277
09968280
09968288
09968295
09968301
09968302
09968305
09968306
09968309
09968311
09968317
09968318
09968329
09968331
09968337
09968349
09968366
09968370
09968386
09968389
09968398
09968402
09968415
09968428
09968435
09968437
09968446
09968447
09968452
09968456
09968461
09968473
09968484
09968491
09968504
09968530
09968542
09968555
09968557
09968579
09968580
09968581
09968582
09968605
09968647
09968648
09968650
09968653
09968656
09968659
09968661
09968693
09968704
09968705
09968707
09968717
09968723
09968733
09968738
09968751
09968762
09968764
09968789
09968805
09968811
09968812
09968815
09968816
09968821
09968825
09968829
09968842
09968843
09968858
09968867
09968877
09968882
09968886
09968891
09968897
09968902
09968906
09968909
09968932
09968944
09968951
09968952
09968954
09968957
09968958
09968976
09968986
09968990
09968994
09968996
09968997
09969010
09969011
09969032
09969042
09969044
09969048
09969051
09969059
09969064
09969072
09969082
09969095
09969100
09969123
09969129
09969136
09969137
09969154
09969156
09969157
09969158
09969164
09969187
09969190
09969197
09969206
09969207
09969208
09969212
09969214
09969215
09969223
09969230
09969232
09969235
09969252
09969268
09969269
09969270
09969274
09969294
09969308
09969310
09969313
09969320
09969322
09969329
09969331
09969340
09969348
09969349
09969351
09969352
09969355
09969361
09969362
09969363
09969368
09969374
09969379
09969382
09969384
09969395
09969398
09969403
09969408
09969416
09969420
09969430
09969444
09969448
09969458
09969461
09969463
09969464
09969468
09969475

