47629924
47629925
47629926
47629927
47629928
47629929
47629930
47629931
47629932
47629933
47629934
47629935
47629936
47629937
47629938
47629939
47629940
47629941
47629942
47629943
47629944
47629945
47629946
47629947
47629948
47629949
47629950
47629951
47629952
47629953
47629954
47629955
47629956
47629957
47629958
47629959
47629960
47629961
47629962
47629963
47629964
47629965
47629966
47629967
47629968
47629969
47629970
47629971
47629972
47629973
47629974
47629975
47629976
47629977
47629978
47629979
47629980
47629981
47629982
47629983
47629984
47629985
47629986
47629987
47629988
47629989
47629990
47629991
47629992
47629993
47629994
47629995
47629996
47629997
47629998
47629999
47630000
47630001
47630002
47630003
47630004
47630005
47630006
47630007
47630008
47630009
47630010
47630011
47630012
47630013
47630014
47630015
47630016
47630017
47630018
47630019
47630020
47630021
47630022
47630023
47630024
47630025
47630026
47630027
47630028
47630029
47630030
47630031
47630032
47630033
47630034
47630035
47630036
47630037
47630038
47630039
47630040
47630041
47630042
47630043
47630044
47630045
47630046
47630047
47630048
47630049
47630050
47630051
47630052
47630053
47630054
47630055
47630056
47630057
47630058
47630059
47630060
47630061
47630062
47630063
47630064
47630065
47630066
47630067
47630068
47630069
47630070
47630071
47630072
47630073
47630074
47630075
47630076
47630077
47630078
47630079
47630080
47630081
47630082
47630083
47630084
47630085
47630086
47630087
47630088
47630089
47630090
47630091
47630092
47630093
47630094
47630095
47630096
47630097
47630098
47630099
47630100
47630101
47630102
47630103
47630104
47630105
47630106
47630107
47630108
47630109
47630110
47630111
47630112
47630113
47630114
47630115
47630116
47630117
47630118
47630119
47630120
47630121
47630122
47630123
47630124
47630125
47630126
47630127
47630128
47630129
47630130
47630131
47630132
47630133
47630134
47630135
47630136
47630137
47630138
47630139
47630140
47630141
47630142
47630143
47630144
47630145
47630146
47630147
47630148
47630149
47630150
47630151
47630152
47630153
47630154
47630155
47630156
47630157
47630158
47630159
47630160
47630161
47630162
47630163
47630164
47630165
47630166
47630167
47630168
47630169
47630170
47630171
47630172
47630173
47630174
47630175
47630176
47630177
47630178
47630179
47630180
47630181
47630182
47630183
47630184
47630185
47630186
47630187
47630188
47630189
47630190
47630191
47630192
47630193
47630194
47630195
47630196
47630197
47630198
47630199
47630200
47630201
47630202
47630203
47630204
47630205
47630206
47630207
47630208
47630209
47630210
47630211
47630212
47630213
47630214
47630215
47630216
47630217
47630218
47630219
47630220
47630221
47630222
47630223
47630224
47630225
47630226
47630227
47630228
47630229
47630230
47630231
47630232
47630233
47630234
47630235
47630236
47630237
47630238
47630239
47630240
47630241
47630242
47630243
47630244
47630245
47630246
47630247
47630248
47630249
47630250
47630251
47630252
47630253
47630254
47630255
47630256
47630257
47630258
47630259
47630260
47630261
47630262
47630263
47630264
47630265
47630266
47630267
47630268
47630269
47630270
47630271
47630272
47630273
47630274
47630275
47630276
47630277
47630278
47630279
47630280
47630281
47630282
47630283
47630284
47630285
47630286
47630287
47630288
47630289
47630290
47630291
47630292
47630293
47630294
47630295
47630296
47630297
47630298
47630299
47630300
47630301
47630302
47630303
47630304
47630305
47630306
47630307
47630308
47630309
47630310
47630311
47630312
47630313
47630314
47630315
47630316
47630317
47630318
47630319
47630320
47630321
47630322
47630323
47630324
47630325
47630326
47630327
47630328
47630329
47630330
47630331
47630332
47630333
47630334
47630335
47630336
47630337
47630338
47630339
47630340
47630341
47630342
47630343
47630344
47630345
47630346
47630347
47630348
47630349
47630350
47630351
47630352
47630353
47630354
47630355
47630356
47630357
47630358
47630359
47630360
47630361
47630362
47630363
47630364
47630365
47630366
47630367
47630368
47630369
47630370
47630371
47630372
47630373
47630374
47630375
47630376
47630377
47630378
47630379
47630380
47630381
47630382
47630383
47630384
47630385
47630386
47630387
47630388
47630389
47630390
47630391
47630392
47630393
47630394
47630395
47630396
47630397
47630398
47630399
47630400
47630401
47630402
47630403
47630404
47630405
47630406
47630407
47630408
47630409
47630410
47630411
47630412
47630413
47630414
47630415
47630416
47630417
47630418
47630419
47630420
47630421
47630422
47630423