41302038
41302043
41302119
41302122
41302118
41302025
41302066
41302020
41302001
41302107
41302149
41302072
41302104
41302154
41302096
41302152
41302103
41302150
41302010
41302011
41302156
41302190
41302193
41302167
41302200
41302201
41302215
41302296
41302252
41302263
41302288
41302277
41302289
41302297
41302331
41302346
41302313
41302339
41302341
41302340
41302380
41302405
41302408
41302362
41302416
41302427
41302433
41302440
41302449
41302444
41302454
41302458
41302447
41302466
41302469
41302489
41302482
41302476
41302468
41302496
41302491
41302490
41302501
41302504
41302508
41302506
41302519
41302545
41302554
41302548
41302534
41302526
41302514
41302555
41302600
41302597
41302609
41302599
41302594
41302563
41302583
41302603
41302577
41302618
41302615
41302627
41302612
41302633
41302617
41302650
41302625
41302635
41302649
41302660
41302684
41302668
41302696
41302694
41302657
41302675
41302688
41302656
41302699
41302729
41302703
41302714
41302731
41302710
41302718
41302723
41302709
41302706
41302749
41302756
41302741
41302771
41302748
41302758
41302753
41302786
41302775
41302776
41302839
41302765
41302791
41302769
41302785
41302829
41302797
41302834
41302819
41302840
41302908
41302842
41302895
41302872
41302864
41302903
41302851
41302924
41302918
41302938
41302933
41302953
41302996
41302943
41303014
41303015
41302966
41302931
41303104
41303027
41303085
41303110
41303063
41303096
41303057
41303107
41303158
41303130
41303185
41303133
41303173
41303118
41303163
41303153
41303188
41303184
41303145
41303202
41303210
41303223
41303200
41303226
41303241
41303220
41303238
41303274
41303254
41303262
41303276
41303277
41303283
41303289
41303297
41303288
41303316
41303313
41303331
41303353
41303322
41303317
41303360
41303371
41303366
41303365
41303390
41303418
41303423
41303375
41303424
41303429
41303440
41303449
41303460
41303478
41303439
41303514
41303501
41303483
41303511
41303509
41303508
41303510
41303516
41303521
41303526
41303528
41303534
41303550
41303545
41303685
41303616
41303686
41303601
41303589
41303567
41303703
41303551
41303563
41303612
41303554
41303709
41303692
41303698
41303645
41303675
41303712
41303615
41303713
41303733
41303756
41303727
41303792
41303765
41303804
41303786
41303743
41303777
41303790
41303738
41303768
41303776
41303753
41303742
41303730
41303757
41303745
41303719
41303820
41303822
41303839
41303856
41303888
41303845
41303893
41303920
41303897
41303890
41303844
41303830
41303896
41303903
41303915
41303907
41303904
41303906
41303922
41303811
41303923
41303965
41303937
41303933
41304032
41304008
41304071
41304043
41304039
41304089
41304058
41304149
41304085
41304056
41304046
41304141
41304143
41304136
41304102
41304118
41304155
41304169
41304193
41304157
41304212
41304223
41304232
41304249
41304250
41304236
41304238
41304251
41304233
41304243
41304255
41304252
41304253
41304261
41304247
41304263
41304259
41304267
41304281
41304269
41304284
41304285
41304287
41304298
41304288
41304299
41304336
41304297
41304296
41304306
41304355
41304361
41304360
41304371
41304346
41304359
41304339
41304342
41304354
41304350
41304372
41304373
41304374
41304385
41304398
41304402
41304412
41304401
41304409
41304400
41304416
41304425
41304446
41304423
41304465
41304475
41304470
41304476
41304462
41304451
41304479
41304489
41304487
41304490
41304493
41304522
41304524
41304497
41304499
41304530
41304515
41304534
41304532
41304538
41304544
41304535
41304555
41304542
41304551
41304546
41304557
41304568
41304558
41304580
41304608
41304599
41304631
41304641
41304642
41304637
41304621
41304694
41304616
41304653
41304644
41304663
41304666
41304680
41304639
41304682
41304699
41304702
41304705
41304713
41304723
41304745
41304764
41304785
41304725
41304790
41304852
41304857
41304815
41304887
41304928
41304848
41304818
41304796
41304805
41304906
41304930
41304855
41304889
41304946
41304951
41305043
41305023
41305049
41305040
41305069
41305124
41305095
41305108
41305212
41305164
41305131
41305166
41305146
41305130
41305213
41305144
41305133
41305211
41305243
41305231
41305142
41305192
41305226
41305225
41305248
41305253
41305255
41305261
41305279
41305264
41305340
41305339
41305314
41305281
41305282
41305290
41305286
41305318
41305294
41305338
41305345
41305311
41305342
41305327
41305335
41305310
41305357
41305283
41305358
41305360
41305369
41305370
41305381
41305390
41305389
41305437
41305393
41305398
41305409
41305442
41305440
41305490
41305489
41305447
41305443
41305484
41305481
41305453
41305459
41305480
41305499
41305501
41305504
41305506
41305509
41305510
41305525
41305539
41305543
41305547
41305548
41305562
41305564
41305567
41305577
41305632
41305583
41305568
41305600
41305612
41305649
41305646
41305672
41305681
41305704
41305675
41305702
41305708
41305705
41305712
41305709
41305719
41305728
41305734
41305751
41305742
41305749
41305758
41305756
41305753
41305774
41305763
41305767
41305779
41305790
41305780
41305877
41305786
41305892
41305893
41305901
41305906
41305910
41305918
41305919
41305922
41305934
41305943
41305946
41305940
41305947
41305957
41305956
41306008
41305997
41306002
41305966
41306080
41306022
41306130
41306088
41306135
41306147
41306153
41306156
41306170
41306172
41306185
41306180
41306186
41306211
41306220
41306210
41306236
41306242
41306252
41306247
41306235
41306246
41306273
41306264
41306262
41306279
41306281
41306286
41306288
41306290
41306311
41306306
41306294
41306346
41306332
41306342
41306362
41306347
41306381
41306373
41306385
41306394
41306395
41306425
41306434
41306430
41306455
41306459
41306461
41306443
41306468
41306478
41306485
41306464
41306541
41306539
41306549
41306562
41306575
41306552
41306582
41306543
41306609
41306625
41306587
41306635
41306633
41306593
41306631
41306592
41306602
41306616
41306589
41306601
41306640