62950107
62950108
62950109
62950110
62950111
62950112
62950113
62950114
62950115
62950116
62950117
62950118
62950119
62950120
62950121
62950122
62950123
62950124
62950125
62950126
62950127
62950128
62950129
62950130
62950131
62950132
62950133
62950134
62950135
62950136
62950137
62950138
62950139
62950140
62950141
62950142
62950143
62950144
62950145
62950146
62950147
62950148
62950149
62950150
62950151
62950152
62950153
62950154
62950155
62950156
62950157
62950158
62950159
62950160
62950161
62950162
62950163
62950164
62950165
62950166
62950167
62950168
62950169
62950170
62950171
62950172
62950173
62950174
62950175
62950176
62950177
62950178
62950179
62950180
62950181
62950182
62950183
62950184
62950185
62950186
62950187
62950188
62950189
62950190
62950191
62950192
62950193
62950194
62950195
62950196
62950197
62950198
62950199
62950200
62950201
62950202
62950203
62950204
62950205
62950206
62950207
62950208
62950209
62950210
62950211
62950212
62950213
62950214
62950215
62950216
62950217
62950218
62950219
62950220
62950221
62950222
62950223
62950224
62950225
62950226
62950227
62950228
62950229
62950230
62950231
62950232
62950233
62950234
62950235
62950236
62950237
62950238
62950239
62950240
62950241
62950242
62950243
62950244
62950245
62950246
62950247
62950248
62950249
62950250
62950251
62950252
62950253
62950254
62950255
62950256
62950257
62950258
62950259
62950260
62950261
62950262
62950263
62950264
62950265
62950266
62950267
62950268
62950269
62950270
62950271
62950272
62950273
62950274
62950275
62950276
62950277
62950278
62950279
62950280
62950281
62950282
62950283
62950284
62950285
62950286
62950287
62950288
62950289
62950290
62950291
62950292
62950293
62950294
62950295
62950296
62950297
62950298
62950299
62950300
62950301
62950302
62950303
62950304
62950305
62950306
62950307
62950308
62950309
62950310
62950311
62950312
62950313
62950314
62950315
62950316
62950317
62950318
62950319
62950320
62950321
62950322
62950323
62950324
62950325
62950326
62950327
62950328
62950329
62950330
62950331
62950332
62950333
62950334
62950335
62950336
62950337
62950338
62950339
62950340
62950341
62950342
62950343
62950344
62950345
62950346
62950347
62950348
62950349
62950350
62950351
62950352
62950353
62950354
62950355
62950356
62950357
62950358
62950359
62950360
62950361
62950362
62950363
62950364
62950365
62950366
62950367
62950368
62950369
62950370
62950371
62950372
62950373
62950374
62950375
62950376
62950377
62950378
62950379
62950380
62950381
62950382
62950383
62950384
62950385
62950386
62950387
62950388
62950389
62950390
62950391
62950392
62950393
62950394
62950395
62950396
62950397
62950398
62950399
62950400
62950401
62950402
62950403
62950404
62950405
62950406
62950407
62950408
62950409
62950410
62950411
62950412
62950413
62950414
62950415
62950416
62950417
62950418
62950419
62950420
62950421
62950422
62950423
62950424
62950425
62950426
62950427
62950428
62950429
62950430
62950431
62950432
62950433
62950434
62950435
62950436
62950437
62950438
62950439
62950440
62950441
62950442
62950443
62950444
62950445
62950446
62950447
62950448
62950449
62950450
62950451
62950452
62950453
62950454
62950455
62950456
62950457
62950458
62950459
62950460
62950461
62950462
62950463
62950464
62950465
62950466
62950467
62950468
62950469
62950470
62950471
62950472
62950473
62950474
62950475
62950476
62950477
62950478
62950479
62950480
62950481
62950482
62950483
62950484
62950485
62950486
62950487
62950488
62950489
62950490
62950491
62950492
62950493
62950494
62950495
62950496
62950497
62950498
62950499
62950500
62950501
62950502
62950503
62950504
62950505
62950506
62950507
62950508
62950509
62950510
62950511
62950512
62950513
62950514
62950515
62950516
62950517
62950518
62950519
62950520
62950521
62950522
62950523
62950524
62950525
62950526
62950527
62950528
62950529
62950530
62950531
62950532
62950533
62950534
62950535
62950536
62950537
62950538
62950539
62950540
62950541
62950542
62950543
62950544
62950545
62950546
62950547
62950548
62950549
62950550
62950551
62950552
62950553
62950554
62950555
62950556
62950557
62950558
62950559
62950560
62950561
62950562
62950563
62950564
62950565
62950566
62950567
62950568
62950569
62950570
62950571
62950572
62950573
62950574
62950575
62950576
62950577
62950578
62950579
62950580
62950581
62950582
62950583
62950584
62950585
62950586
62950587
62950588
62950589
62950590
62950591
62950592
62950593
62950594
62950595
62950596
62950597
62950598
62950599
62950600
62950601
62950602
62950603
62950604
62950605
62950606