4042938295387602
4042938295383049
4042938295385028
4042938295383528
4042938295381837
4042938295384807
4042938295381779
4042938295382512
4042938295381308
4042938295383627
4042938295383478
4042938295381571
4042938295386661
4042938295382660
4042938295381217
4042938295385077
4042938295380441
4042938295382207
4042938295388741
4042938295382876
4042938295383056
4042938295385259
4042938295384625
4042938295383437
4042938295384062
4042938295384161
4042938295384807
4042938295386455
4042938295383577
4042938295380821
4042938295383684
4042938295383536
4042938295383619
4042938295380839
4042938295385069
4042938295386208
4042938295380847
4042938295383502
4042938295383437
4042938295382272
4042938295385457
4042938295385580
4042938295385325
4042938295380821
4042938295385614
4042938295383536
4042938295387214
4042938295385002
4042938295382249
4042938295381472
4042938295386513
4042938295380268
4042938295385259
4042938295382025
4042938295383650
4042938295386117
4042938295381159
4042938295380003
4042938295381647
4042938295380573
4042938295388105
4042938295385663
4042938295383361
4042938295385820
4042938295388881
4042938295381506
4042938295385606
4042938295387750
4042938295382363
4042938295383262
4042938295383189
4042938295382678
4042938295386380
4042938295383569
4042938295382363
4042938295383163
4042938295387784
4042938295383742
4042938295385556
4042938295381761
4042938295382660
4042938295380474
4042938295387073
4042938295380334
4042938295382363
4042938295387883
4042938295382207
4042938295388709
4042938295384070
4042938295387123
4042938295384138
4042938295388014
4042938295388576
4042938295381787
4042938295385820
4042938295386703
4042938295387867
4042938295385671
4042938295380417
4042938295387768