4042938290250656
4042938290138349
4042938290171530
4042938290046633
4042938290380735
4042938290705485
4042938290618746
4042938290850349
4042938290173841
4042938290374522
4042938290706525
4042938290248700
4042938290854309
4042938290088213
4042938290447450
4042938290642001
4042938290728065
4042938290878118
4042938290222010
4042938290462566
4042938290766032
4042938290743247
4042938290061228
4042938290087827
4042938290581746
4042938290161671
4042938290707200
4042938290516429
4042938290164477
4042938290686776
4042938290246738
4042938290338139
4042938290107641
4042938290072589
4042938290015752
4042938290011744
4042938290160756
4042938290332231
4042938290207177
4042938290157034
4042938290217002
4042938290536807
4042938290867269
4042938290617516
4042938290371064
4042938290011512
4042938290717027
4042938290454720
4042938290213522
4042938290850737
4042938290646531
4042938290445835
4042938290854622
4042938290514408
4042938290274474
4042938290282725
4042938290680803
4042938290250375
4042938290248635
4042938290134330
4042938290044216
4042938290666851
4042938290030488
4042938290806234
4042938290478125
4042938290445462
4042938290145351
4042938290021115
4042938290204034
4042938290220808
4042938290544140
4042938290548745
4042938290702243
4042938290637589
4042938290266306
4042938290413544
4042938290806515
4042938290226763
4042938290073306
4042938290541237
4042938290487803
4042938290827453
4042938290456618
4042938290380255
4042938290234643
4042938290878209
4042938290016545
4042938290612889
4042938290818569
4042938290335770
4042938290760704
4042938290216186
4042938290547523
4042938290444747
4042938290482606
4042938290305237
4042938290136855
4042938290217127
4042938290062382
4042938290453235
4042938290883480
4042938290546640
4042938290156002
4042938290803207
4042938290051575
4042938290616047
4042938290210460
4042938290103251
4042938290531261
4042938290708687
4042938290008047
4042938290066748
4042938290180861
4042938290745036
4042938290563736
4042938290778458
4042938290152167
4042938290683781
4042938290313827
4042938290266264
4042938290703431
4042938290415614
4042938290702136
4042938290244873
4042938290546582
4042938290257685
4042938290460016
4042938290752180
4042938290348880
4042938290283863
4042938290565012
4042938290038622
4042938290174328
4042938290374704
4042938290831133
4042938290553315
4042938290355216
4042938290173007
4042938290815359
4042938290664708
4042938290634388
4042938290760472
4042938290113250
4042938290640633
4042938290210718
4042938290201824
4042938290007619
4042938290368052
4042938290053654
4042938290677064
4042938290853335
4042938290745648
4042938290844474
4042938290204141
4042938290434334
4042938290002156
4042938290778730
4042938290627424
4042938290477606
4042938290310716
4042938290024408
4042938290038564
4042938290377384
4042938290616542
4042938290452880
4042938290038267
4042938290411001
4042938290318453
4042938290472029
4042938290530305
4042938290412108
4042938290530073
4042938290488470
4042938290274508
4042938290583650
4042938290322745
4042938290721870
4042938290170136
4042938290203432
4042938290771214
4042938290628703
4042938290467532
4042938290863177
4042938290571317
4042938290534331
4042938290385213
4042938290654337
4042938290465700
4042938290843021
4042938290404485
4042938290753436
4042938290742512
4042938290011447
4042938290680530
4042938290267767
4042938290282410
4042938290707564
4042938290826620
4042938290842858
4042938290406449
4042938290450041
4042938290728321
4042938290370413
4042938290716839
4042938290138463
4042938290242844
4042938290616229
4042938290181232
4042938290237570
4042938290164279
4042938290328122
4042938290074049
4042938290772766
4042938290606881
4042938290485179
4042938290055436
4042938290162331
4042938290362477
4042938290166001
4042938290168601
4042938290738106
4042938290402109
4042938290041519
4042938290626608
4042938290663288
4042938290536013
4042938290500605
4042938290264780
4042938290236614
4042938290883225
4042938290668600
4042938290874885
4042938290843260
4042938290000358
4042938290470825
4042938290365728
4042938290263543
4042938290057127
4042938290008104
4042938290286221
4042938290232241
4042938290677551
4042938290055261
4042938290222150
4042938290222614
4042938290562878
4042938290757304
4042938290388159
4042938290103400
4042938290315871
4042938290404345
4042938290340218
4042938290413429
4042938290764474
4042938290014789
4042938290025629
4042938290357683
4042938290178303
4042938290714669
4042938290546426
4042938290543076
4042938290428039
4042938290334658
4042938290445223
4042938290480576
4042938290073785
4042938290440406
4042938290352213
4042938290067332
4042938290760720
4042938290402604
4042938290086183
4042938290242109
4042938290142366
4042938290363533
4042938290287328
4042938290553554
4042938290561516
4042938290155178
4042938290007544
4042938290157075
4042938290705204
4042938290643355
4042938290106825
4042938290468324
4042938290205155
4042938290233561
4042938290410425
4042938290622482
4042938290351256
4042938290156333
4042938290342057
4042938290158677
4042938290021727
4042938290885550
4042938290418246
4042938290720021
4042938290802043
4042938290102162
4042938290152720
4042938290780363
4042938290864308
4042938290421356
4042938290106528
4042938290405664
4042938290368649
4042938290700387
4042938290443160
4042938290177461
4042938290214876
4042938290111320
4042938290455503
4042938290148173
4042938290851453
4042938290288557
4042938290873671
4042938290233710
4042938290635740
4042938290358384
4042938290346645
4042938290417362
4042938290182842
4042938290126120
4042938290808057
4042938290816167
4042938290482135
4042938290831752
4042938290260788
4042938290083065
4042938290235202
4042938290623134
4042938290268468
4042938290773137
4042938290226086
4042938290406019
4042938290330409
4042938290577306
4042938290262586
4042938290278111
4042938290476244
4042938290623225
4042938290217366
4042938290438467
4042938290476715
4042938290584823
4042938290034613
4042938290335333
4042938290248460
4042938290085870
4042938290362774
4042938290851412
4042938290887002
4042938290805517
4042938290685638
4042938290040065
4042938290157802
4042938290430068
4042938290248783
4042938290683450
4042938290338170
4042938290783136
4042938290731002
4042938290583023
4042938290318040
4042938290872715
4042938290573552
4042938290655565
4042938290038549
4042938290001851
4042938290460651
4042938290877425
4042938290752057
4042938290504474
4042938290570228
4042938290464620
4042938290252272
4042938290843310
4042938290866337
4042938290077117
4042938290185514
4042938290628588
4042938290842064
4042938290103384
4042938290140105
4042938290028508
4042938290208654
4042938290078776
4042938290625568
4042938290663445
4042938290050882
4042938290423659
4042938290408858
4042938290355059
4042938290040420
4042938290177248
4042938290565541
4042938290553208
4042938290142085
4042938290602161
4042938290645707
4042938290141285
4042938290775801
4042938290504011
4042938290687071
4042938290306417
4042938290171209
4042938290642472
4042938290886426
4042938290271454
4042938290014607
4042938290710303
4042938290157331
4042938290370058
4042938290587628
4042938290774242
4042938290358483
4042938290668154
4042938290182586
4042938290002529
4042938290558611
4042938290128357
4042938290243438
4042938290353138
4042938290425175
4042938290844516
4042938290643439
4042938290715245
4042938290828667
4042938290046583
4042938290110058
4042938290882052
4042938290243529
4042938290755357
4042938290888166
4042938290868259
4042938290862153
4042938290348815
4042938290488215
4042938290147878
4042938290403180
4042938290303349
4042938290117400
4042938290587479
4042938290622433
4042938290082422
4042938290625857
4042938290537409
4042938290128365
4042938290071888
4042938290371015
4042938290331688
4042938290113532
4042938290556458
4042938290470585
4042938290257065
4042938290666612
4042938290435026
4042938290360737
4042938290100380
4042938290670457
4042938290531253
4042938290702227
4042938290070831
4042938290674012
4042938290214504
4042938290651564
4042938290755639
4042938290161010
4042938290542045
4042938290873200
4042938290341513
4042938290348674
4042938290558181
4042938290260259
4042938290554305
4042938290546012
4042938290420549
4042938290041550
4042938290363855
4042938290526378
4042938290465064
4042938290102618
4042938290740458
4042938290131187
4042938290225526
4042938290405177
4042938290101461
4042938290182081
4042938290058588
4042938290001588
4042938290807034
4042938290204232
4042938290506867
4042938290106106
4042938290064743
4042938290047847
4042938290818320
4042938290712556
4042938290862831
4042938290045080
4042938290441388
4042938290104879
4042938290767329
4042938290036048
4042938290750507
4042938290345282
4042938290021842
4042938290671877
4042938290141046
4042938290176174
4042938290233603
4042938290037475
4042938290451361
4042938290742272
4042938290434813
4042938290353161
4042938290431876
4042938290650533
4042938290726564
4042938290185050
4042938290412264
4042938290322224
4042938290506339
4042938290302374
4042938290201774
4042938290852162
4042938290020604
4042938290855033
4042938290740532
4042938290045007
4042938290425787
4042938290520470
4042938290881336
4042938290314502
4042938290701021
4042938290334880
4042938290882532
4042938290100547
4042938290087488
4042938290874281
4042938290767444
4042938290122426
4042938290230013
4042938290304263
4042938290177701
4042938290157208
4042938290681777
4042938290663882
4042938290243354
4042938290051609
4042938290483265
4042938290825218
4042938290366486
4042938290841066
4042938290681215
4042938290211005
4042938290851842
4042938290418741
4042938290150039
4042938290475881
4042938290444721
4042938290655672
4042938290346371
4042938290556748
4042938290624405
4042938290351611
4042938290567075
4042938290331423
4042938290536062
4042938290732422
4042938290867285
4042938290117020
4042938290871865
4042938290442469
4042938290728370
4042938290684011
4042938290417024
4042938290164311
4042938290806374
4042938290421463
4042938290000010
4042938290336216
4042938290018855
4042938290618704
4042938290242059
4042938290814444
4042938290721649
4042938290628760
4042938290345639
4042938290142408
4042938290556425
4042938290067381
4042938290510174
4042938290623035
4042938290505182
4042938290421166
4042938290267437
4042938290751463
4042938290372328
4042938290707333
4042938290584062
4042938290832552
4042938290215758
4042938290070526
4042938290565848
4042938290766719
4042938290767881
4042938290128829
4042938290188328
4042938290355778
4042938290505851
4042938290153827
4042938290420838
4042938290028748
4042938290855280
4042938290813479
4042938290783672
4042938290805442
4042938290256224
4042938290166423
4042938290654584
4042938290657249
4042938290378762
4042938290217556
4042938290875122
4042938290456659
4042938290753725
4042938290277642
4042938290461667
4042938290425472
4042938290341430
4042938290432304
4042938290832164
4042938290121337
4042938290661076
4042938290832784
4042938290827859
4042938290042814
4042938290243842
4042938290380420
4042938290084832
4042938290835845
4042938290705774
4042938290676157
4042938290788028
4042938290421158
4042938290264467
4042938290444382
4042938290811309
4042938290883357
4042938290271645
4042938290834145
4042938290030447
4042938290662108
4042938290826521
4042938290807018
4042938290314429
4042938290061335
4042938290273682
4042938290354730
4042938290141707
4042938290068876
4042938290777849
4042938290661043
4042938290325813
4042938290740581
4042938290640013
4042938290635401
4042938290075061
4042938290333270
4042938290805160
4042938290833865
4042938290650558
4042938290256885
4042938290685356
4042938290884322
4042938290481558
4042938290877409
4042938290434367
4042938290225385
4042938290462269
4042938290108003
4042938290684789
4042938290634545
4042938290223513
4042938290633042
4042938290454043
4042938290772147
4042938290517310
4042938290633067
4042938290350076
4042938290865867
4042938290513517
4042938290652489
4042938290646010
4042938290244543
4042938290433518
4042938290185183
4042938290546400
4042938290575458
4042938290261133
4042938290605156
4042938290080160
4042938290424384
4042938290085300
4042938290772576
4042938290447633
4042938290214116
4042938290425159
4042938290246662
4042938290501116
4042938290845307
4042938290712150
4042938290413767
4042938290035719
4042938290631889
4042938290623126
4042938290821373
4042938290112658
4042938290236127
4042938290124778
4042938290185464
4042938290204224
4042938290374886
4042938290335564
4042938290623878
4042938290134546
4042938290524381
4042938290428260
4042938290406027
4042938290565251
4042938290372336
4042938290543142
4042938290854028
4042938290343261
4042938290334310
4042938290253023
4042938290365827
4042938290410136
4042938290140246
4042938290814261
4042938290748527
4042938290227860
4042938290666604
4042938290842031
4042938290174872
4042938290084048
4042938290534182
4042938290208100
4042938290171076
4042938290667313
4042938290830176
4042938290044372
4042938290544553
4042938290887408
4042938290427163
4042938290083073
4042938290840316
4042938290570335
4042938290104804
4042938290521460
4042938290220865
4042938290234858
4042938290571309
4042938290573354
4042938290513673
4042938290868440
4042938290623654
4042938290786725
4042938290133225
4042938290037848
4042938290585549
4042938290483836
4042938290287245
4042938290278087
4042938290783888
4042938290112625
4042938290756058
4042938290175333
4042938290440885
4042938290205825
4042938290701773
4042938290146771
4042938290653883
4042938290572604
4042938290771362
4042938290022303
4042938290352528
4042938290216251
4042938290437360
4042938290266751
4042938290260630
4042938290347544
4042938290104341
4042938290232670
4042938290514101
4042938290770745
4042938290003212
4042938290713372
4042938290650186
4042938290027658
4042938290725566
4042938290775546
4042938290117244
4042938290242638
4042938290505802
4042938290084287
4042938290271629
4042938290226243
4042938290286767
4042938290757320
4042938290023053
4042938290656761
4042938290467086
4042938290203853
4042938290472318
4042938290156630
4042938290442089
4042938290342172
4042938290431413
4042938290167322
4042938290364614
4042938290715179
4042938290603607
4042938290818148
4042938290012205
4042938290484545
4042938290002016
4042938290054439
4042938290862104
4042938290814675
4042938290701724
4042938290155822
4042938290083487
4042938290607608
4042938290805186
4042938290232845
4042938290010605
4042938290787236
4042938290340168
4042938290205403
4042938290045668
4042938290788671
4042938290176836
4042938290614737
4042938290618647
4042938290487472
4042938290715427
4042938290068579
4042938290848202
4042938290633208
4042938290716250
4042938290865370
4042938290885527
4042938290686537
4042938290018053
4042938290235178
4042938290525610
4042938290076408
4042938290558447
4042938290586844
4042938290654071
4042938290515355
4042938290447211
4042938290365348
4042938290387110
4042938290435620
4042938290708281
4042938290533663
4042938290180432
4042938290431488
4042938290617177
4042938290046039
4042938290112732
4042938290721102
4042938290167413
4042938290675803
4042938290602468
4042938290617052
4042938290415325
4042938290820367
4042938290815219
4042938290420333
4042938290625626
4042938290143778
4042938290508541
4042938290845208
4042938290175648
4042938290367765
4042938290661787
4042938290503724
4042938290165771
4042938290752206
4042938290652570
4042938290306755
4042938290254666
4042938290314189
4042938290335317
4042938290844649
4042938290318123
4042938290326480
4042938290462228
4042938290446304
4042938290541773
4042938290663312
4042938290231052
4042938290234304
4042938290128837
4042938290365520
4042938290010506
4042938290700452
4042938290006280
4042938290701146
4042938290655219
4042938290862021
4042938290441156
4042938290523276
4042938290284267
4042938290511859
4042938290757700
4042938290016016
4042938290821803
4042938290021636
4042938290526139
4042938290586869
4042938290477374
4042938290223125
4042938290116105
4042938290435125
4042938290322547
4042938290745077
4042938290522773
4042938290060873
4042938290101511
4042938290383879
4042938290878241
4042938290747040
4042938290877441
4042938290208555
4042938290662876
4042938290104309
4042938290155376
4042938290786261
4042938290068181
4042938290027153
4042938290401531
4042938290867863
4042938290381071
4042938290353120
4042938290373789
4042938290481244
4042938290110165
4042938290665028
4042938290621443
4042938290663585
4042938290582652
4042938290608184
4042938290438806
4042938290380529
4042938290461154
4042938290110439
4042938290006447
4042938290072274
4042938290778318
4042938290428831
4042938290125627
4042938290664153
4042938290170607
4042938290520611
4042938290035552
4042938290348518
4042938290072431
4042938290624082
4042938290887432
4042938290165565
4042938290213860
4042938290557803
4042938290558249
4042938290834160
4042938290075400
4042938290226755
4042938290268807
4042938290135550
4042938290770778
4042938290832859
4042938290855330
4042938290475071
4042938290416653
4042938290334856
4042938290032302
4042938290516510
4042938290600868
4042938290477846
4042938290800146
4042938290278566
4042938290564833
4042938290710717
4042938290836744
4042938290860546
4042938290044430
4042938290123747
4042938290144529
4042938290517757
4042938290355752
4042938290266447
4042938290563520
4042938290700676
4042938290081440
4042938290576647
4042938290727083
4042938290802886
4042938290852527
4042938290467813
4042938290312720
4042938290745556
4042938290375529
4042938290102030
4042938290754160
4042938290086555
4042938290460172
4042938290088569
4042938290475360
4042938290581712
4042938290166449
4042938290034316
4042938290557316
4042938290588436
4042938290585614
4042938290610131
4042938290865206
4042938290643835
4042938290043739
4042938290415184
4042938290752677
4042938290383101
4042938290543373
4042938290083248
4042938290628356
4042938290230104
4042938290521809
4042938290844854
4042938290446866
4042938290327017
4042938290163529
4042938290087819
4042938290282279
4042938290171670
4042938290563017
4042938290686156
4042938290202806
4042938290802852
4042938290742173
4042938290836629
4042938290204000
4042938290573719
4042938290630089
4042938290888331
4042938290865453
4042938290578379
4042938290207607
4042938290676819
4042938290570483
4042938290843641
4042938290855587
4042938290563652
4042938290850273
4042938290457517
4042938290750333
4042938290203580
4042938290677023
4042938290614455
4042938290310666
4042938290511016
4042938290243800
4042938290375339
4042938290142606
4042938290451577
4042938290814758
4042938290220600
4042938290101412
4042938290410805
4042938290822389
4042938290542342
4042938290746026
4042938290330789
4042938290138786
4042938290744369
4042938290485765
4042938290042681
4042938290083347
4042938290505760
4042938290014177
4042938290202368
4042938290031072
4042938290320707
4042938290374266
4042938290167769
4042938290120222
4042938290122202
4042938290203044
4042938290554719
4042938290116857
4042938290618027
4042938290558470
4042938290124174
4042938290212243
4042938290551830
4042938290571671
4042938290611006
4042938290683526
4042938290465510
4042938290662041
4042938290641573
4042938290052680
4042938290522575
4042938290318339
4042938290371106
4042938290043440
4042938290642886
4042938290740177
4042938290358830
4042938290122442
4042938290588022
4042938290040511
4042938290462848
4042938290184152
4042938290701757
4042938290701351
4042938290612384
4042938290783433
4042938290165326
4042938290756314
4042938290310054
4042938290018079
4042938290548083
4042938290180887
4042938290550287
4042938290441669
4042938290150468
4042938290117053
4042938290365868
4042938290378259
4042938290833121
4042938290165805
4042938290371163
4042938290225088
4042938290382509
4042938290810806
4042938290366080
4042938290856858
4042938290377749
4042938290022121
4042938290373748
4042938290360430
4042938290650426
4042938290660284
4042938290371312
4042938290406266
4042938290223067
4042938290505554
4042938290258444
4042938290502551
4042938290330821
4042938290086563
4042938290258089
4042938290204869
4042938290547135
4042938290468555
4042938290566085
4042938290010761
4042938290310757
4042938290560583
4042938290680464
4042938290370462
4042938290508780
4042938290700213
4042938290563728
4042938290078123
4042938290146250
4042938290241184
4042938290420440
4042938290684136
4042938290063554
4042938290635054
4042938290270670
4042938290844185
4042938290201865
4042938290113276
4042938290870180
4042938290036121
4042938290051377
4042938290545568
4042938290546079
4042938290045882
4042938290388332
4042938290423402
4042938290301624
4042938290180739
4042938290730616
4042938290812430
4042938290448441
4042938290826463
4042938290540130
4042938290826430
4042938290201782
4042938290337727
4042938290357766
4042938290648727
4042938290888018
4042938290634263
4042938290780116
4042938290578643
4042938290155814
4042938290644569
4042938290607681
4042938290777344
4042938290256588
4042938290347205
4042938290155285
4042938290828865
4042938290485609
4042938290004830
4042938290815516
4042938290127771
4042938290048217
4042938290280810
4042938290855355
4042938290653172
4042938290803314
4042938290722324
4042938290400723
4042938290314270
4042938290763567
4042938290528507
4042938290684029
4042938290373268
4042938290652380
4042938290476640
4042938290127458
4042938290087173
4042938290600223
4042938290068587
4042938290421844
4042938290784704
4042938290360620
4042938290063380
4042938290612582
4042938290265241
4042938290572489
4042938290554362
4042938290654345
4042938290448540
4042938290861007
4042938290357709
4042938290637142
4042938290817876
4042938290015679
4042938290145716
4042938290833360
4042938290466138
4042938290808685
4042938290444564
4042938290032468
4042938290484289
4042938290417834
4042938290251159
4042938290424012
4042938290213506
4042938290086340
4042938290238750
4042938290723512
4042938290425084
4042938290354441
4042938290118879
4042938290186751
4042938290116246
4042938290220089
4042938290228876
4042938290056079
4042938290125056
4042938290572141
4042938290556151
4042938290584054
4042938290466856
4042938290102758
4042938290647406
4042938290743049
4042938290565046
4042938290613416
4042938290521833
4042938290672214
4042938290206377
4042938290620403
4042938290581217
4042938290204828
4042938290534687
4042938290337115
4042938290287682
4042938290278731
4042938290130528
4042938290840571
4042938290246837
4042938290058117
4042938290055683
4042938290108201
4042938290510851
4042938290267502
4042938290815243
4042938290440703
4042938290488843
4042938290308165
4042938290551541
4042938290654048
4042938290242083
4042938290625576
4042938290552226
4042938290322661
4042938290275216
4042938290052805
4042938290048456
4042938290186074
4042938290230575
4042938290185522
4042938290081101
4042938290435406
4042938290221640
4042938290013849
4042938290268427
4042938290716417
4042938290058026
4042938290143711
4042938290203465
4042938290112062
4042938290800880
4042938290867574
4042938290234015
4042938290772428
4042938290134611
4042938290401614
4042938290435166
4042938290280851
4042938290032120
4042938290118853
4042938290037368
4042938290622854
4042938290604225
4042938290155764
4042938290430084
4042938290300535
4042938290176612
4042938290433021
4042938290384109
4042938290348617
4042938290632341
4042938290825564
4042938290355158
4042938290501074
4042938290557738
4042938290545113
4042938290717431
4042938290665044
4042938290646465
4042938290173767
4042938290713760
4042938290280489
4042938290306458
4042938290443574
4042938290764201
4042938290504870
4042938290242570
4042938290050445
4042938290460420
4042938290231003
4042938290037657
4042938290116642
4042938290371353
4042938290177784
4042938290268419
4042938290310278
4042938290845364
4042938290111478
4042938290070369
4042938290486474
4042938290230633
4042938290702680
4042938290080012
4042938290204620
4042938290186678
4042938290335887
4042938290235475
4042938290874380
4042938290400533
4042938290161648
4042938290320236
4042938290442279
4042938290188567
4042938290425142
4042938290001547
4042938290813065
4042938290767659
4042938290780231
4042938290322539
4042938290607145
4042938290783151
4042938290223885
4042938290238834
4042938290535007
4042938290821316
4042938290538316
4042938290568602
4042938290748261
4042938290208688
4042938290472730
4042938290224735
4042938290108862
4042938290744823
4042938290025371
4042938290745465
4042938290138778
4042938290482101
4042938290854143
4042938290624579
4042938290310179
4042938290665614
4042938290388084
4042938290102006
4042938290856353
4042938290812109
4042938290750614
4042938290365256
4042938290347437
4042938290501827
4042938290040230
4042938290651556
4042938290143026
4042938290885873
4042938290826364
4042938290727638
4042938290227639
4042938290245169
4042938290557613
4042938290665333
4042938290351884
4042938290685554
4042938290638603
4042938290010340
4042938290670200
4042938290083131
4042938290655243
4042938290643009
4042938290540510
4042938290807257
4042938290676314
4042938290324519
4042938290528853
4042938290675605
4042938290300808
4042938290534406
4042938290614356
4042938290437154
4042938290206815
4042938290250466
4042938290415622
4042938290706244
4042938290446726
4042938290327371
4042938290126377
4042938290623803
4042938290654782
4042938290176513
4042938290540452
4042938290512428
4042938290865255
4042938290426470
4042938290470817
4042938290801383
4042938290527046
4042938290246225
4042938290067845
4042938290064834
4042938290687014
4042938290386641
4042938290304784
4042938290061525
4042938290524563
4042938290601072
4042938290207482
4042938290252348
4042938290808073
4042938290007379
4042938290485344
4042938290682163
4042938290856155
4042938290464224
4042938290081176
4042938290350803
4042938290840068
4042938290652661
4042938290152043
4042938290321150
4042938290117830
4042938290261018
4042938290171571
4042938290637043
4042938290051518
4042938290322471
4042938290071466
4042938290200313
4042938290234379
4042938290018343
4042938290706681
4042938290616070
4042938290467623
4042938290812570
4042938290387318
4042938290202079
4042938290321887
4042938290336745
4042938290380107
4042938290234650
4042938290380503
4042938290684565
4042938290543787
4042938290386559
4042938290787749
4042938290424517
4042938290721227
4042938290817389
4042938290116451
4042938290505208
4042938290746141
4042938290073462
4042938290171647
4042938290414880
4042938290877888
4042938290763583
4042938290028680
4042938290738445
4042938290536617
4042938290182248
4042938290431835
4042938290082125
4042938290641433
4042938290173114
4042938290345126
4042938290006645
4042938290404352
4042938290306383
4042938290080335
4042938290725251
4042938290874174
4042938290103541
4042938290602773
4042938290382673
4042938290272106
4042938290345340
4042938290573149
4042938290044703
4042938290002479
4042938290742850
4042938290437105
4042938290003667
4042938290120115
4042938290171829
4042938290151045
4042938290871519
4042938290611576
4042938290126344
4042938290472763
4042938290735763
4042938290153173
4042938290443046
4042938290534802
4042938290245631
4042938290440026
4042938290358087
4042938290613119
4042938290835746
4042938290415010
4042938290141723
4042938290607368
4042938290527830
4042938290400582
4042938290064107
4042938290154411
4042938290012668
4042938290350720
4042938290602880
4042938290368151
4042938290442378
4042938290170318
4042938290754020
4042938290838849
4042938290468506
4042938290235012
4042938290014169
4042938290625352
4042938290467045
4042938290555864
4042938290170581
4042938290752529
4042938290460768
4042938290315863
4042938290217119
4042938290113656
4042938290481525
4042938290017451
4042938290816357
4042938290204448
4042938290125361
4042938290021818
4042938290574451
4042938290061186
4042938290158412
4042938290261208
4042938290522021
4042938290536575
4042938290184368
4042938290186587
4042938290240574
4042938290600884
4042938290061277
4042938290083107
4042938290705352
4042938290635872
4042938290657272
4042938290102451
4042938290315186
4042938290855710
4042938290442139
4042938290545865
4042938290658635
4042938290053258
4042938290323776
4042938290563645
4042938290382533
4042938290233587
4042938290724858
4042938290728610
4042938290177859
4042938290083560
4042938290080657
4042938290601270
4042938290821357
4042938290324634
4042938290330177
4042938290376006
4042938290063539
4042938290056350
4042938290650269
4042938290812703
4042938290334476
4042938290652075
4042938290042715
4042938290247561
4042938290080632
4042938290183345
4042938290704462
4042938290536674
4042938290223141
4042938290626624
4042938290248759
4042938290048670
4042938290078644
4042938290625667
4042938290452328
4042938290857849
4042938290662314
4042938290182347
4042938290271421
4042938290278129
4042938290063448
4042938290666075
4042938290020836
4042938290052623
4042938290660821
4042938290440323
4042938290830028
4042938290477366
4042938290586117
4042938290888182
4042938290788663
4042938290400137
4042938290354110
4042938290158479
4042938290548521
4042938290317323
4042938290683229
4042938290538043
4042938290806523
4042938290746513
4042938290332470
4042938290228280
4042938290431785
4042938290836546
4042938290843088
4042938290165722
4042938290317513
4042938290804874
4042938290756124
4042938290835183
4042938290240509
4042938290506727
4042938290746281
4042938290635559
4042938290423253
4042938290445215
4042938290346835
4042938290461444
4042938290208464
4042938290414047
4042938290854267
4042938290720724
4042938290380115
4042938290738130
4042938290643884
4042938290313884
4042938290808347
4042938290300642
4042938290887044
4042938290183212
4042938290045627
4042938290327520
4042938290244667
4042938290702805
4042938290364275
4042938290685034
4042938290104200
4042938290723173
4042938290401846
4042938290484719
4042938290270605
4042938290238263
4042938290522336
4042938290778581
4042938290085706
4042938290344749
4042938290578510
4042938290604530
4042938290268377
4042938290502304
4042938290510638
4042938290524712
4042938290070583
4042938290551244
4042938290370744
4042938290466435
4042938290076721
4042938290028656
4042938290650574
4042938290565434
4042938290670150
4042938290518672
4042938290717373
4042938290471666
4042938290021867
4042938290238438
4042938290117160
4042938290804056
4042938290647851
4042938290367716
4042938290846131
4042938290267007
4042938290246712
4042938290126021
4042938290704470
4042938290601460
4042938290776684
4042938290282303
4042938290470239
4042938290045718
4042938290782054
4042938290617763
4042938290268187
4042938290136269
4042938290200057
4042938290712861
4042938290308082
4042938290544421
4042938290652042
4042938290623563
4042938290570772
4042938290417743
4042938290450868
4042938290133738
4042938290812166
4042938290660151
4042938290730236
4042938290218752
4042938290155772
4042938290481079
4042938290303836
4042938290466724
4042938290251183
4042938290380651
4042938290366452
4042938290746414
4042938290805178
4042938290362717
4042938290823346
4042938290121741
4042938290125833
4042938290861247
4042938290078248
4042938290361347
4042938290412009
4042938290113334
4042938290072464
4042938290451270
4042938290083669
4042938290781643
4042938290268344
4042938290301152
4042938290281750
4042938290315749
4042938290176075
4042938290138844
4042938290362048
4042938290887846
4042938290001646
4042938290448300
4042938290137606
4042938290382277
4042938290607582
4042938290328130
4042938290626046
4042938290667610
4042938290003683
4042938290207516
4042938290277071
4042938290140576
4042938290716722
4042938290713109
4042938290072621
4042938290806317
4042938290350415
4042938290345167
4042938290870768
4042938290063745
4042938290517146
4042938290303307
4042938290333866
4042938290151524
4042938290131732
4042938290444812
4042938290354235
4042938290540007
4042938290646028
4042938290344178
4042938290036451
4042938290710857
4042938290718264
4042938290033060
4042938290880775
4042938290164352
4042938290315020
4042938290846628
4042938290176778
4042938290820151
4042938290763625
4042938290817314
4042938290613788
4042938290608218
4042938290504607
4042938290688756
4042938290377251
4042938290613051
4042938290006371
4042938290371874
4042938290470445
4042938290225443
4042938290145062
4042938290702714
4042938290301665
4042938290065609
4042938290338428
4042938290600264
4042938290027864
4042938290856270
4042938290070138
4042938290814501
4042938290754145
4042938290362345
4042938290887663
4042938290552010
4042938290261174
4042938290507451
4042938290627358
4042938290634164
4042938290640609
4042938290506180
4042938290664021
4042938290073181
4042938290774663
4042938290847741
4042938290286676
4042938290713810
4042938290631731
4042938290076184
4042938290270159
4042938290880114
4042938290684771
4042938290585887
4042938290642761
4042938290720732
4042938290088817
4042938290806572
4042938290151821
4042938290180200
4042938290327355
4042938290032336
4042938290248064
4042938290455156
4042938290122749
4042938290864464
4042938290512600
4042938290048043
4042938290318248
4042938290041436
4042938290076770
4042938290707382
4042938290410169
4042938290310070
4042938290542250
4042938290437576
4042938290583148
4042938290820714
4042938290236739
4042938290714339
4042938290373664
4042938290602807
4042938290448672
4042938290853301
4042938290661746
4042938290838831
4042938290767386
4042938290107260
4042938290075426
4042938290684714
4042938290410334
4042938290844102
4042938290564007
4042938290711608
4042938290604522
4042938290584435
4042938290751851
4042938290382046
4042938290300345
4042938290500456
4042938290878670
4042938290185357
4042938290020083
4042938290827404
4042938290536716
4042938290187809
4042938290052862
4042938290446320
4042938290440372
4042938290822504
4042938290221780
4042938290227217
4042938290615767
4042938290043655
4042938290357436
4042938290788887
4042938290846578
4042938290142143
4042938290653479
4042938290240434
4042938290213407
4042938290086779
4042938290160731
4042938290476848
4042938290206047
4042938290373219
4042938290758682
4042938290656126
4042938290031833
4042938290256471
4042938290608713
4042938290155665
4042938290450322
4042938290114282
4042938290432809
4042938290506149
4042938290083446
4042938290551327
4042938290117707
4042938290028516
4042938290415234
4042938290184301
4042938290556755
4042938290362659
4042938290366601
4042938290052532
4042938290108821
4042938290573537
4042938290386088
4042938290788770
4042938290832255
4042938290031023
4042938290510570
4042938290772550
4042938290734477
4042938290685307
4042938290478042
4042938290168437
4042938290733354
4042938290738056
4042938290586661
4042938290640708
4042938290248734
4042938290837148
4042938290221657
4042938290233462
4042938290455263
4042938290133670
4042938290081564
4042938290444358
4042938290567562
4042938290466559
4042938290738874
4042938290345738
4042938290068546
4042938290726549
4042938290147845
4042938290162323
4042938290022261
4042938290004848
4042938290014052
4042938290638546
4042938290018061
4042938290366817
4042938290484115
4042938290753345
4042938290420028
4042938290282428
4042938290244881
4042938290641524
4042938290737736
4042938290754830
4042938290306425
4042938290824807
4042938290316580
4042938290480204
4042938290001141
4042938290258709
4042938290811424
4042938290681264
4042938290634289
4042938290868242
4042938290884835
4042938290168569
4042938290821340
4042938290213027
4042938290876260
4042938290432460
4042938290858516
4042938290323057
4042938290853855
4042938290226359
4042938290648834
4042938290085755
4042938290180028
4042938290000762
4042938290412447
4042938290741076
4042938290713034
4042938290615643
4042938290454522
4042938290670408
4042938290371536
4042938290630170
4042938290555187
4042938290040347
4042938290200776
4042938290522146
4042938290526303
4042938290168007
4042938290161267
4042938290130544
4042938290756421
4042938290541500
4042938290060436
4042938290132201
4042938290431546
4042938290884520
4042938290081788
4042938290766271
4042938290181448
4042938290166340
4042938290533648
4042938290701161
4042938290013138
4042938290153405
4042938290067217
4042938290042509
4042938290777005
4042938290273179
4042938290857146
4042938290264772
4042938290233421
4042938290800674
4042938290016883
4042938290272379
4042938290463077
4042938290458069
4042938290345787
4042938290580714
4042938290165318
4042938290257446
4042938290780850
4042938290417883
4042938290846677
4042938290706715
4042938290072258
4042938290361644
4042938290011868
4042938290725509
4042938290630204
4042938290518649
4042938290180275
4042938290231763
4042938290812026
4042938290887382
4042938290706467
4042938290750309
4042938290273880
4042938290702326
4042938290041733
4042938290873861
4042938290315780
4042938290043820
4042938290326225
4042938290357600
4042938290287880
4042938290408106
4042938290236507
4042938290604241
4042938290031767
4042938290748170
4042938290823684
4042938290160426
4042938290802340
4042938290784555
4042938290880379
4042938290040875
4042938290850042
4042938290553182
4042938290783516
4042938290136483
4042938290115578
4042938290865578
4042938290341786
4042938290787707
4042938290323743
4042938290312209
4042938290362105
4042938290355521
4042938290086464
4042938290817074
4042938290036501
4042938290782658
4042938290013864
4042938290564072
4042938290315574
4042938290227258
4042938290541682
4042938290518557
4042938290755845
4042938290657637
4042938290743684
4042938290500662
4042938290026726
4042938290647679
4042938290271504
4042938290836751
4042938290125759
4042938290440380
4042938290264111
4042938290054280
4042938290834517
4042938290832180
4042938290773525
4042938290545048
4042938290224230
4042938290533382
4042938290800054
4042938290440281
4042938290856114
4042938290417560
4042938290242315
4042938290547119
4042938290145708
4042938290557431
4042938290157257
4042938290356206
4042938290100133
4042938290782476
4042938290833832
4042938290706830
4042938290174229
4042938290033268
4042938290187379
4042938290806382
4042938290221889
4042938290355109
4042938290746117
4042938290507659
4042938290808420
4042938290223430
4042938290253742
4042938290770729
4042938290027468
4042938290846529
4042938290622300
4042938290080079
4042938290264756
4042938290118655
4042938290428757
4042938290312134
4042938290147068
4042938290682775
4042938290135378
4042938290740219
4042938290706046
4042938290454407
4042938290461584
4042938290565608
4042938290611337
4042938290818759
4042938290330888
4042938290232100
4042938290677445
4042938290341067
4042938290233645
4042938290781841
4042938290835720
4042938290726861
4042938290450744
4042938290606055
4042938290100125
4042938290481038
4042938290638371
4042938290126724
4042938290760183
4042938290172488
4042938290680449
4042938290463713
4042938290748006
4042938290774127
4042938290211229
4042938290184483
4042938290648636
4042938290736878
4042938290751133
4042938290257404
4042938290083859
4042938290801730
4042938290534828
4042938290581415
4042938290023343
4042938290878571
4042938290866055
4042938290447401
4042938290261505
4042938290243248
4042938290426587
4042938290132177
4042938290823650
4042938290085268
4042938290545675
4042938290376022
4042938290376774
4042938290106254
4042938290121535
4042938290646226
4042938290343485
4042938290267023
4042938290248627
4042938290003642
4042938290856767
4042938290757155
4042938290662322
4042938290681025
4042938290254351
4042938290816407
4042938290165714
4042938290724171
4042938290366213
4042938290342537
4042938290886236
4042938290173288
4042938290246365
4042938290228041
4042938290614232
4042938290706889
4042938290781304
4042938290148686
4042938290018558
4042938290314114
4042938290401366
4042938290420556
4042938290610628
4042938290735243
4042938290584831
4042938290175184
4042938290663346
4042938290700882
4042938290114464
4042938290484743
4042938290273781
4042938290278418
4042938290557027
4042938290342800
4042938290201006
4042938290830002
4042938290752214
4042938290756553
4042938290388787
4042938290463754
4042938290648115
4042938290003717
4042938290337545
4042938290850232
4042938290483307
4042938290873002
4042938290305039
4042938290821753
4042938290183329
4042938290457244
4042938290783581
4042938290837551
4042938290320830
4042938290586125
4042938290717464
4042938290480527
4042938290411175
4042938290007767
4042938290726747
4042938290814048
4042938290882516
4042938290523672
4042938290602070
4042938290082521
4042938290271223
4042938290275752
4042938290837437
4042938290526857
4042938290348807
4042938290768517
4042938290362329
4042938290323354
4042938290702631
4042938290654626
4042938290560815
4042938290684334
4042938290301327
4042938290540650
4042938290686685
4042938290473324
4042938290806119
4042938290233249
4042938290611261
4042938290424822
4042938290474421
4042938290162158
4042938290861320
4042938290081580
4042938290867244
4042938290086449
4042938290757551
4042938290685406
4042938290114225
4042938290436669
4042938290342859
4042938290423154
4042938290854556
4042938290678534
4042938290034209
4042938290085649
4042938290881120
4042938290171662
4042938290833550
4042938290206823
4042938290800385
4042938290127540
4042938290660755
4042938290863664
4042938290656134
4042938290028185
4042938290316788
4042938290467805
4042938290208134
4042938290876526
4042938290337867
4042938290408809
4042938290410722
4042938290705469
4042938290185340
4042938290710022
4042938290882318
4042938290773277
4042938290557779
4042938290242166
4042938290103723
4042938290656852
4042938290683278
4042938290884744
4042938290040743
4042938290158644
4042938290208647
4042938290535304
4042938290363202
4042938290162646
4042938290316135
4042938290345456
4042938290462608
4042938290411324
4042938290800088
4042938290386823
4042938290885147
4042938290310401
4042938290826158
4042938290737140
4042938290288672
4042938290331217
4042938290141129
4042938290837270
4042938290686123
4042938290566721
4042938290420804
4042938290761355
4042938290668501
4042938290137176
4042938290610461
4042938290368516
4042938290760308
4042938290463556
4042938290147340
4042938290126740
4042938290753055
4042938290524365
4042938290481046
4042938290484032
4042938290450140
4042938290504151
4042938290046401
4042938290040255
4042938290068314
4042938290120438
4042938290278368
4042938290077687
4042938290045049
4042938290762262
4042938290183469
4042938290863219
4042938290466708
4042938290418634
4042938290063265
4042938290408213
4042938290105009
4042938290568115
4042938290703225
4042938290607277
4042938290278400
4042938290680233
4042938290151854
4042938290023301
4042938290370223
4042938290447526
4042938290721417
4042938290330755
4042938290441461
4042938290624181
4042938290267445
4042938290776643
4042938290646044
4042938290777146
4042938290002453
4042938290545766
4042938290332033
4042938290810426
4042938290044182
4042938290648040
4042938290477853
4042938290068611
4042938290534216
4042938290415366
4042938290257636
4042938290365561
4042938290032070
4042938290043002
4042938290164675
4042938290164519
4042938290352288
4042938290168130
4042938290721516
4042938290561839
4042938290236861
4042938290183022
4042938290018780
4042938290655078
4042938290245409
4042938290854119
4042938290482853
4042938290624462
4042938290788432
4042938290711384
4042938290658114
4042938290780082
4042938290561540
4042938290006223
4042938290425720
4042938290156358
4042938290542680
4042938290277857
4042938290156242
4042938290477648
4042938290523656
4042938290385759
4042938290624207
4042938290648875
4042938290758203
4042938290447666
4042938290780132
4042938290543761
4042938290705501
4042938290211070
4042938290338873
4042938290386104
4042938290768863
4042938290822173
4042938290363020
4042938290751729
4042938290730103
4042938290581431
4042938290653446
4042938290357352
4042938290363368
4042938290272130
4042938290587214
4042938290527434
4042938290754558
4042938290753519
4042938290545089
4042938290628661
4042938290703175
4042938290754129
4042938290367336
4042938290000788
4042938290843617
4042938290044273
4042938290321630
4042938290584021
4042938290514143
4042938290753212
4042938290246654
4042938290557688
4042938290865537
4042938290572075
4042938290710568
4042938290008013
4042938290152662
4042938290431553
4042938290311433
4042938290212680
4042938290125718
4042938290543670
4042938290026783
4042938290076622
4042938290788515
4042938290515033
4042938290407256
4042938290647117
4042938290701062
4042938290326761
4042938290533788
4042938290520637
4042938290683260
4042938290367468
4042938290277303
4042938290003071
4042938290122863
4042938290758500
4042938290473167
4042938290355166
4042938290712309
4042938290453201
4042938290304859
4042938290767220
4042938290525701
4042938290403404
4042938290608044
4042938290786386
4042938290581118
4042938290845877
4042938290255341
4042938290056855
4042938290304818
4042938290187726
4042938290283236
4042938290500258
4042938290387839
4042938290268161
4042938290012460
4042938290833501
4042938290543456
4042938290044646
4042938290365835
4042938290436883
4042938290424145
4042938290525503
4042938290223547
4042938290634016
4042938290235582
4042938290463416
4042938290503179
4042938290070328
4042938290770133
4042938290236671
4042938290683674
4042938290174039
4042938290687485
4042938290842577
4042938290654154
4042938290024283
4042938290804478
4042938290567877
4042938290705667
4042938290440414
4042938290033664
4042938290217655
4042938290484677
4042938290352767
4042938290777583
4042938290878043
4042938290386435
4042938290778813
4042938290015000
4042938290432049
4042938290106155
4042938290211526
4042938290511347
4042938290467466
4042938290014433
4042938290726051
4042938290168759
4042938290577116
4042938290744286
4042938290225112
4042938290057580
4042938290800401
4042938290643116
4042938290602013
4042938290218059
4042938290478422
4042938290748477
4042938290507832
4042938290213175
4042938290121071
4042938290471807
4042938290250235
4042938290272668
4042938290578460
4042938290608853
4042938290117665
4042938290565442
4042938290840233
4042938290506859
4042938290583742
4042938290166381
4042938290447815
4042938290003782
4042938290220261
4042938290353187
4042938290385775
4042938290830838
4042938290057804
4042938290436842
4042938290301244
4042938290825135
4042938290875403
4042938290577850
4042938290475212
4042938290782377
4042938290735466
4042938290801771
4042938290564569
4042938290205759
4042938290386575
4042938290624710
4042938290752362
4042938290840506
4042938290747008
4042938290678708
4042938290240145
4042938290327082
4042938290067308
4042938290154353
4042938290361230
4042938290754236
4042938290660003
4042938290611873
4042938290871535
4042938290481335
4042938290873820
4042938290227886
4042938290086225
4042938290642837
4042938290365850
4042938290321655
4042938290877631
4042938290650681
4042938290065450
4042938290631566
4042938290307381
4042938290853418
4042938290373235
4042938290015141
4042938290456105
4042938290553703
4042938290178071
4042938290621708
4042938290247553
4042938290285389
4042938290862039
4042938290448045
4042938290551665
4042938290166845
4042938290833204
4042938290481061
4042938290300253
4042938290254542
4042938290175804
4042938290312670
4042938290144040
4042938290674772
4042938290685075
4042938290350530
4042938290177347
4042938290813164
4042938290111668
4042938290468118
4042938290138281
4042938290318743
4042938290545527
4042938290785172
4042938290016404
4042938290564874
4042938290288573
4042938290251779
4042938290217358
4042938290100570
4042938290307472
4042938290464075
4042938290300881
4042938290537375
4042938290822066
4042938290462624
4042938290104168
4042938290170169
4042938290044174
4042938290114456
4042938290875213
4042938290415861
4042938290186249
4042938290303554
4042938290163727
4042938290882524
4042938290180721
4042938290686784
4042938290257222
4042938290620627
4042938290115529
4042938290177289
4042938290446148
4042938290508459
4042938290638801
4042938290467441
4042938290712176
4042938290130015
4042938290665630
4042938290442030
4042938290258329
4042938290517351
4042938290451742
4042938290310617
4042938290435679
4042938290313215
4042938290485237
4042938290564056
4042938290232068
4042938290687659
4042938290731770
4042938290185829
4042938290836660
4042938290682502
4042938290476681
4042938290881302
4042938290144651
4042938290388233
4042938290225708
4042938290840035
4042938290127219
4042938290547101
4042938290585002
4042938290568537
4042938290462558
4042938290215048
4042938290047706
4042938290814303
4042938290368375
4042938290373607
4042938290570566
4042938290237059
4042938290376709
4042938290114332
4042938290577322
4042938290701765
4042938290725160
4042938290057119
4042938290273070
4042938290150666
4042938290864662
4042938290412272
4042938290037327
4042938290316424
4042938290852725
4042938290220345
4042938290385015
4042938290542565
4042938290764524
4042938290367203
4042938290718439
4042938290548554
4042938290824625
4042938290457467
4042938290788176
4042938290088460
4042938290117087
4042938290274615
4042938290646275
4042938290205247
4042938290605073
4042938290754004
4042938290628000
4042938290326324
4042938290183410
4042938290088171
4042938290800773
4042938290164576
4042938290542771
4042938290445520
4042938290242224
4042938290438228
4042938290653149
4042938290431579
4042938290303232
4042938290501504
4042938290323081
4042938290601759
4042938290324352
4042938290568172
4042938290100372
4042938290316101
4042938290031429
4042938290433062
4042938290063760
4042938290036758
4042938290502577
4042938290036071
4042938290017485
4042938290750663
4042938290810715
4042938290554107
4042938290301525
4042938290448227
4042938290071870
4042938290200388
4042938290405847
4042938290727026
4042938290414567
4042938290470601
4042938290585358
4042938290105439
4042938290040123
4042938290346314
4042938290332884
4042938290335549
4042938290348245
4042938290532285
4042938290312803
4042938290607731
4042938290373318
4042938290388670
4042938290774267
4042938290618787
4042938290772709
4042938290162315
4042938290730814
4042938290202467
4042938290115487
4042938290276479
4042938290517807
4042938290841140
4042938290325201
4042938290430183
4042938290123366
4042938290064685
4042938290348435
4042938290356719
4042938290575755
4042938290375875
4042938290212524
4042938290783417
4042938290203051
4042938290810848
4042938290336117
4042938290848350
4042938290315368
4042938290346132
4042938290023814
4042938290238354
4042938290018277
4042938290012643
4042938290317620
4042938290000085
4042938290105314
4042938290383770
4042938290432023
4042938290317224
4042938290583171
4042938290347114
4042938290761876
4042938290818429
4042938290246803
4042938290408452
4042938290027674
4042938290812323
4042938290160814
4042938290660631
4042938290136129
4042938290241143
4042938290013559
4042938290170375
4042938290356354
4042938290516817
4042938290838005
4042938290810707
4042938290717407
4042938290142556
4042938290202400
4042938290274300
4042938290748485
4042938290586000
4042938290261182
4042938290703407
4042938290657058
4042938290348526
4042938290024424
4042938290740862
4042938290541401
4042938290305831
4042938290733784
4042938290574881
4042938290841785
4042938290620189
4042938290138232
4042938290562274
4042938290221129
4042938290160715
4042938290023426
4042938290873317
4042938290376030
4042938290208761
4042938290736183
4042938290287500
4042938290734246
4042938290034480
4042938290574733
4042938290288334
4042938290186389
4042938290343881
4042938290871188
4042938290020125
4042938290541641
4042938290334088
4042938290285025
4042938290460610
4042938290748139
4042938290410631
4042938290088478
4042938290681306
4042938290810475
4042938290263378
4042938290823866
4042938290856700
4042938290882425
4042938290787772
4042938290201766
4042938290121600
4042938290784522
4042938290684367
4042938290532376
4042938290151383
4042938290586265
4042938290752438
4042938290453656
4042938290874026
4042938290517773
4042938290636623
4042938290722233
4042938290584740
4042938290437378
4042938290654832
4042938290407231
4042938290371742
4042938290163610
4042938290848574
4042938290466377
4042938290655771
4042938290415457
4042938290112401
4042938290310864
4042938290663064
4042938290066607
4042938290740029
4042938290005472
4042938290425621
4042938290146623
4042938290254104
4042938290045064
4042938290722886
4042938290553364
4042938290364762
4042938290650152
4042938290621724
4042938290466120
4042938290477465
4042938290810558
4042938290458259
4042938290730665
4042938290587776
4042938290233637
4042938290014508
4042938290518854
4042938290747164
4042938290811440
4042938290384869
4042938290270274
4042938290334641
4042938290307118
4042938290484644
4042938290763260
4042938290701682
4042938290186421
4042938290222762
4042938290727000
4042938290775132
4042938290712077
4042938290724767
4042938290071136
4042938290102881
4042938290802282
4042938290174351
4042938290672388
4042938290328601
4042938290285207
4042938290107070
4042938290570343
4042938290026569
4042938290515769
4042938290215519
4042938290134835
4042938290227712
4042938290241069
4042938290688582
4042938290132003
4042938290434482
4042938290757361
4042938290775058
4042938290625113
4042938290842254
4042938290230245
4042938290860751
4042938290603672
4042938290812752
4042938290743718
4042938290805426
4042938290155541
4042938290174450
4042938290457111
4042938290885253
4042938290675167
4042938290626350
4042938290755753
4042938290876807
4042938290126633
4042938290410714
4042938290235251
4042938290563678
4042938290110702
4042938290731523
4042938290543530
4042938290100737
4042938290074460
4042938290520447
4042938290532442
4042938290053068
4042938290400178
4042938290082224
4042938290821605
4042938290127334
4042938290053712
4042938290080509
4042938290261240
4042938290014847
4042938290670309
4042938290384844
4042938290185423
4042938290066870
4042938290730681
4042938290001653
4042938290778573
4042938290422552
4042938290517633
4042938290220410
4042938290874588
4042938290560054
4042938290777559
4042938290843278
4042938290483380
4042938290720419
4042938290722084
4042938290110215
4042938290851172
4042938290364473
4042938290206476
4042938290481319
4042938290038127
4042938290402034
4042938290317760
4042938290345035
4042938290101354
4042938290204174
4042938290417701
4042938290150716
4042938290148231
4042938290106874
4042938290562456
4042938290764631
4042938290043606
4042938290562779
4042938290486557
4042938290867368
4042938290241382
4042938290071037
4042938290118200
4042938290036139
4042938290028847
4042938290626681
4042938290680589
4042938290630618
4042938290285066
4042938290616450
4042938290587271
4042938290358327
4042938290311623
4042938290270126
4042938290615163
4042938290385668
4042938290020067
4042938290780553
4042938290673857
4042938290053480
4042938290421877
4042938290205569
4042938290635658
4042938290671620
4042938290234056
4042938290788754
4042938290755175
4042938290378408
4042938290075640
4042938290205874
4042938290860827
4042938290610883
4042938290148603
4042938290547036
4042938290474256
4042938290826448
4042938290151441
4042938290601056
4042938290216509
4042938290507139
4042938290125171
4042938290218778
4042938290831216
4042938290226185
4042938290614653
4042938290063562
4042938290001752
4042938290823270
4042938290065468
4042938290148850
4042938290633828
4042938290716656
4042938290062879
4042938290272239
4042938290140535
4042938290075707
4042938290444408
4042938290503336
4042938290030348
4042938290373417
4042938290434540
4042938290381451
4042938290566747
4042938290057739
4042938290800062
4042938290457673
4042938290130163
4042938290450009
4042938290771271
4042938290428252
4042938290774010
4042938290460404
4042938290245524
4042938290484107
4042938290280414
4042938290381774
4042938290585523
4042938290101842
4042938290016354
4042938290266017
4042938290440844
4042938290463671
4042938290023517
4042938290044117
4042938290420242
4042938290634867
4042938290438731
4042938290018467
4042938290225245
4042938290024309
4042938290765307
4042938290583676
4042938290870446
4042938290748618
4042938290461055
4042938290233785
4042938290625402
4042938290645467
4042938290046377
4042938290138364
4042938290551426
4042938290622334
4042938290308702
4042938290372237
4042938290652711
4042938290677619
4042938290633232
4042938290503344
4042938290671331
4042938290332041
4042938290053829
4042938290074163
4042938290236655
4042938290227464
4042938290856361
4042938290103301
4042938290056053
4042938290167801
4042938290303703
4042938290504730
4042938290874240
4042938290842510
4042938290688780
4042938290438830
4042938290783664
4042938290740854
4042938290857559
4042938290844888
4042938290853558
4042938290306482
4042938290228785
4042938290105751
4042938290502163
4042938290731564
4042938290540262
4042938290516270
4042938290330334
4042938290328528
4042938290401200
4042938290727430
4042938290041147
4042938290513186
4042938290254211
4042938290656605
4042938290723553
4042938290346801
4042938290568230
4042938290107500
4042938290344418
4042938290311201
4042938290610818
4042938290645756
4042938290470437
4042938290731705
4042938290710725
4042938290800443
4042938290726523
4042938290347247
4042938290841710
4042938290401523
4042938290322521
4042938290360059
4042938290886046
4042938290616831
4042938290286585
4042938290707317
4042938290144131
4042938290867236
4042938290560732
4042938290803264
4042938290877276
4042938290522674
4042938290544520
4042938290478166
4042938290502858
4042938290447542
4042938290867657
4042938290633075
4042938290164162
4042938290648503
4042938290311839
4042938290276834
4042938290748238
4042938290452377
4042938290824047
4042938290657348
4042938290361487
4042938290617649
4042938290738403
4042938290857484
4042938290601239
4042938290634628
4042938290188468
4042938290848467
4042938290164220
4042938290104770
4042938290727877
4042938290131807
4042938290234213
4042938290835357
4042938290872301
4042938290432551
4042938290780140
4042938290231540
4042938290744518
4042938290176349
4042938290607434
4042938290511149
4042938290402075
4042938290262735
4042938290601767
4042938290601528
4042938290227530
4042938290144743
4042938290467847
4042938290250284
4042938290682304
4042938290762585
4042938290056574
4042938290220444
4042938290571200
4042938290186603
4042938290355786
4042938290750861
4042938290168205
4042938290528721
4042938290087009
4042938290464281
4042938290600124
4042938290410235
4042938290101818
4042938290078206
4042938290142754
4042938290764813
4042938290845323
4042938290878506
4042938290412058
4042938290748683
4042938290456576
4042938290460040
4042938290741423
4042938290176448
4042938290434805
4042938290147522
4042938290052458
4042938290114829
4042938290318685
4042938290468738
4042938290754244
4042938290210171
4042938290484578
4042938290450504
4042938290155434
4042938290378366
4042938290614760
4042938290653644
4042938290804858
4042938290800005
4042938290584567
4042938290848178
4042938290318008
4042938290478075
4042938290352866
4042938290532137
4042938290181562
4042938290672560
4042938290071060
4042938290582884
4042938290278145
4042938290874158
4042938290274789
4042938290624157
4042938290875817
4042938290836777
4042938290273666
4042938290761009
4042938290714628
4042938290776171
4042938290037764
4042938290240517
4042938290774713
4042938290638629
4042938290067365
4042938290033219
4042938290112773
4042938290575722
4042938290012445
4042938290216020
4042938290113565
4042938290183659
4042938290162307
4042938290840621
4042938290478513
4042938290546608
4042938290326621
4042938290087777
4042938290050536
4042938290546277
4042938290180515
4042938290140709
4042938290555179
4042938290237885
4042938290113870
4042938290712234
4042938290667362
4042938290738155
4042938290585689
4042938290228678
4042938290258626
4042938290877474
4042938290252421
4042938290454530
4042938290765703
4042938290102089
4042938290176588
4042938290263147
4042938290302309
4042938290886467
4042938290681736
4042938290786428
4042938290505067
4042938290585077
4042938290681488
4042938290252884
4042938290312050
4042938290315327
4042938290176406
4042938290802316
4042938290165003
4042938290662843
4042938290830325
4042938290163560
4042938290774614
4042938290407744
4042938290006066
4042938290026668
4042938290265506
4042938290847089
4042938290072282
4042938290341588
4042938290755480
4042938290184335
4042938290825101
4042938290577553
4042938290288524
4042938290110447
4042938290082489
4042938290713364
4042938290755456
4042938290626855
4042938290505737
4042938290685869
4042938290572174
4042938290038085
4042938290152118
4042938290166217
4042938290258667
4042938290214553
4042938290323040
4042938290074759
4042938290575185
4042938290722001
4042938290478844
4042938290682452
4042938290155673
4042938290846784
4042938290060865
4042938290882284
4042938290616633
4042938290165482
4042938290503005
4042938290771487
4042938290654618
4042938290178048
4042938290007510
4042938290578833
4042938290756215
4042938290437071
4042938290235848
4042938290180879
4042938290508111
4042938290087876
4042938290025231
4042938290082109
4042938290833337
4042938290703456
4042938290114324
4042938290015109
4042938290461337
4042938290145021
4042938290026213
4042938290740334
4042938290653586
4042938290524548
4042938290555476
4042938290173635
4042938290468316
4042938290057283
4042938290575615
4042938290182370
4042938290478539
4042938290130239
4042938290170482
4042938290524274
4042938290332876
4042938290343766
4042938290566044
4042938290853806
4042938290787335
4042938290870545
4042938290022188
4042938290370454
4042938290243156
4042938290353633
4042938290047508
4042938290601148
4042938290086100
4042938290744021
4042938290006355
4042938290301319
4042938290286338
4042938290875031
4042938290553224
4042938290376410
4042938290888059
4042938290610206
4042938290527806
4042938290502684
4042938290514515
4042938290485328
4042938290316838
4042938290106452
4042938290258717
4042938290516684
4042938290106882
4042938290851156
4042938290465635
4042938290068561
4042938290810624
4042938290681652
4042938290616302
4042938290470858
4042938290025256
4042938290625261
4042938290323180
4042938290330862
4042938290100422
4042938290133407
4042938290768806
4042938290408650
4042938290233702
4042938290353377
4042938290811325
4042938290054405
4042938290624116
4042938290846016
4042938290745440
4042938290870248
4042938290421422
4042938290773160
4042938290078552
4042938290468050
4042938290406050
4042938290178055
4042938290335275
4042938290008864
4042938290231813
4042938290357139
4042938290043465
4042938290512675
4042938290776486
4042938290456279
4042938290380339
4042938290783631
4042938290288102
4042938290651309
4042938290674608
4042938290347056
4042938290848566
4042938290638264
4042938290173486
4042938290174617
4042938290187338
4042938290275455
4042938290806846
4042938290617581
4042938290656316
4042938290622532
4042938290523524
4042938290672644
4042938290362576
4042938290658213
4042938290751281
4042938290070302
4042938290050361
4042938290356073
4042938290564445
4042938290862203
4042938290658346
4042938290576480
4042938290044760
4042938290858003
4042938290064719
4042938290436214
4042938290007262
4042938290471146
4042938290030215
4042938290830879
4042938290270134
4042938290723629
4042938290445413
4042938290483760
4042938290456444
4042938290657512
4042938290121675
4042938290247330
4042938290846081
4042938290874125
4042938290701047
4042938290410011
4042938290740524
4042938290556722
4042938290175010
4042938290431355
4042938290031700
4042938290643660
4042938290071755
4042938290060634
4042938290723447
4042938290682361
4042938290261026
4042938290627861
4042938290422677
4042938290064784
4042938290582165
4042938290701260
4042938290674533
4042938290504763
4042938290443301
4042938290813834
4042938290236663
4042938290431074
4042938290140659
4042938290032781
4042938290657108
4042938290065823
4042938290443178
4042938290164618
4042938290321325
4042938290662348
4042938290424228
4042938290715765
4042938290335762
4042938290160376
4042938290412348
4042938290105231
4042938290854614
4042938290063661
4042938290516676
4042938290722472
4042938290182073
4042938290287815
4042938290251126
4042938290540387
4042938290473431
4042938290442006
4042938290551228
4042938290182743
4042938290164873
4042938290110728
4042938290601411
4042938290562068
4042938290622888
4042938290074015
4042938290181604
4042938290486482
4042938290587800
4042938290550212
4042938290615015
4042938290286031
4042938290521825
4042938290676371
4042938290055253
4042938290866808
4042938290145880
4042938290067175
4042938290185126
4042938290125270
4042938290566788
4042938290218588
4042938290325425
4042938290557605
4042938290400384
4042938290802803
4042938290862161
4042938290443244
4042938290383523
4042938290550824
4042938290741878
4042938290817785
4042938290381162
4042938290076366
4042938290504334
4042938290080541
4042938290038135
4042938290742165
4042938290051153
4042938290625329
4042938290501587
4042938290475139
4042938290665820
4042938290057549
4042938290103376
4042938290304446
4042938290704850
4042938290254526
4042938290472110
4042938290778680
4042938290704124
4042938290154049
4042938290885881
4042938290103418
4042938290304735
4042938290146102
4042938290536849
4042938290038044
4042938290606329
4042938290365173
4042938290172140
4042938290071680
4042938290045288
4042938290061624
4042938290540213
4042938290072126
4042938290330300
4042938290535106
4042938290503617
4042938290600777
4042938290413320
4042938290762775
4042938290848400
4042938290122533
4042938290627044
4042938290765372
4042938290323560
4042938290341646
4042938290507683
4042938290181463
4042938290386567
4042938290122640
4042938290502080
4042938290278855
4042938290164246
4042938290116360
4042938290380859
4042938290132102
4042938290708042
4042938290330482
4042938290768855
4042938290084766
4042938290312340
4042938290286536
4042938290022535
4042938290530016
4042938290052029
4042938290675118
4042938290053647
4042938290755407
4042938290185001
4042938290671729
4042938290601676
4042938290720815
4042938290161531
4042938290408205
4042938290000572
4042938290683534
4042938290865487
4042938290535015
4042938290211047
4042938290022774
4042938290262743
4042938290850489
4042938290217713
4042938290154403
4042938290227456
4042938290322026
4042938290088437
4042938290775389
4042938290467375
4042938290235723
4042938290177446
4042938290656670
4042938290201147
4042938290068249
4042938290183147
4042938290465528
4042938290435455
4042938290604886
4042938290607517
4042938290427023
4042938290062580
4042938290646085
4042938290222317
4042938290863581
4042938290424160
4042938290647422
4042938290750887
4042938290053506
4042938290477705
4042938290128621
4042938290165375
4042938290747727
4042938290273542
4042938290358533
4042938290127508
4042938290171548
4042938290520868
4042938290858557
4042938290117566
4042938290376055
4042938290516569
4042938290567687
4042938290404634
4042938290453144
4042938290878480
4042938290528457
4042938290740789
4042938290580433
4042938290478653
4042938290506107
4042938290513053
4042938290461147
4042938290374043
4042938290083461
4042938290086241
4042938290682254
4042938290631202
4042938290100406
4042938290732158
4042938290314585
4042938290374829
4042938290065856
4042938290861866
4042938290364200
4042938290155707
4042938290465734
4042938290631301
4042938290160046
4042938290426579
4042938290874489
4042938290627630
4042938290525727
4042938290128456
4042938290016073
4042938290812687
4042938290338618
4042938290686388
4042938290128373
4042938290156135
4042938290631756
4042938290620643
4042938290645111
4042938290240087
4042938290613804
4042938290276552
4042938290726804
4042938290227209
4042938290136533
4042938290831711
4042938290508129
4042938290562449
4042938290820532
4042938290883456
4042938290273633
4042938290627507
4042938290432064
4042938290583049
4042938290754053
4042938290208035
4042938290248015
4042938290844631
4042938290736308
4042938290388621
4042938290744666
4042938290057374
4042938290054652
4042938290804270
4042938290445033
4042938290267650
4042938290786337
4042938290053340
4042938290116675
4042938290513038
4042938290446809
4042938290882359
4042938290482531
4042938290062325
4042938290862344
4042938290276487
4042938290446254
4042938290308785
4042938290688301
4042938290257180
4042938290631681
4042938290357311
4042938290786568
4042938290115768
4042938290608689
4042938290024523
4042938290257420
4042938290361073
4042938290312878
4042938290461170
4042938290142333
4042938290646747
4042938290116048
4042938290815011
4042938290878175
4042938290616104
4042938290476707
4042938290047276
4042938290737439
4042938290743577
4042938290813354
4042938290663551
4042938290688020
4042938290671588
4042938290847303
4042938290224370
4042938290015604
4042938290531683
4042938290812760
4042938290177735
4042938290030587
4042938290575805
4042938290821639
4042938290370041
4042938290230740
4042938290377640
4042938290535403
4042938290816308
4042938290621211
4042938290520272
4042938290728156
4042938290131765
4042938290460255
4042938290014649
4042938290678021
4042938290104671
4042938290185159
4042938290247223
4042938290844045
4042938290147415
4042938290777823
4042938290656480
4042938290580128
4042938290471484
4042938290158750
4042938290105579
4042938290667305
4042938290708562
4042938290828154
4042938290862682
4042938290860124
4042938290430753
4042938290420580
4042938290345423
4042938290311870
4042938290244121
4042938290533531
4042938290800781
4042938290644833
4042938290424509
4042938290113458
4042938290562225
4042938290283152
4042938290157315
4042938290325474
4042938290713562
4042938290768152
4042938290027203
4042938290210254
4042938290106163
4042938290371403
4042938290813313
4042938290468043
4042938290333189
4042938290687634
4042938290041048
4042938290567042
4042938290006108
4042938290348534
4042938290862054
4042938290457384
4042938290422222
4042938290654873
4042938290433278
4042938290660300
4042938290226136
4042938290176521
4042938290026643
4042938290733131
4042938290372443
4042938290288318
4042938290678377
4042938290633083
4042938290606451
4042938290084485
4042938290621187
4042938290644726
4042938290178402
4042938290532160
4042938290187163
4042938290674400
4042938290652182
4042938290665523
4042938290417420
4042938290112344
4042938290144008
4042938290065146
4042938290037335
4042938290007452
4042938290756249
4042938290250557
4042938290715138
4042938290050601
4042938290383788
4042938290501561
4042938290641078
4042938290665465
4042938290177537
4042938290034266
4042938290186611
4042938290047771
4042938290420010
4042938290364523
4042938290348138
4042938290788655
4042938290337370
4042938290621351
4042938290628166
4042938290727463
4042938290602443
4042938290837486
4042938290234809
4042938290034415
4042938290581506
4042938290180044
4042938290682643
4042938290362642
4042938290575607
4042938290740086
4042938290867327
4042938290123150
4042938290364671
4042938290408783
4042938290303760
4042938290051856
4042938290468613
4042938290667032
4042938290753006
4042938290173510
4042938290172603
4042938290384067
4042938290378523
4042938290858623
4042938290131674
4042938290308611
4042938290636227
4042938290700437
4042938290804247
4042938290087447
4042938290351215
4042938290134520
4042938290753550
4042938290470684
4042938290784282
4042938290541476
4042938290046765
4042938290647083
4042938290622722
4042938290442386
4042938290047342
4042938290663536
4042938290770182
4042938290103020
4042938290358624
4042938290070104
4042938290204703
4042938290863615
4042938290262065
4042938290324683
4042938290868622
4042938290282568
4042938290242414
4042938290342453
4042938290224537
4042938290313520
4042938290502213
4042938290181646
4042938290814402
4042938290611170
4042938290123523
4042938290706079
4042938290874638
4042938290120768
4042938290048555
4042938290775173
4042938290748055
4042938290301640
4042938290371650
4042938290617326
4042938290686057
4042938290458242
4042938290412355
4042938290625618
4042938290803538
4042938290518383
4042938290162737
4042938290055303
4042938290721359
4042938290754863
4042938290825283
4042938290336273
4042938290241630
4042938290722167
4042938290185258
4042938290826240
4042938290103160
4042938290484586
4042938290241218
4042938290304255
4042938290411506
4042938290357238
4042938290432544
4042938290631244
4042938290027641
4042938290556623
4042938290626871
4042938290453581
4042938290684201
4042938290114340
4042938290361826
4042938290003287
4042938290706053
4042938290670705
4042938290786808
4042938290376519
4042938290268641
4042938290277659
4042938290500522
4042938290713174
4042938290654014
4042938290072225
4042938290310088
4042938290824484
4042938290253213
4042938290567448
4042938290131609
4042938290777732
4042938290011405
4042938290328437
4042938290177255
4042938290502171
4042938290388225
4042938290310781
4042938290462251
4042938290313447
4042938290822215
4042938290118150
4042938290234635
4042938290524647
4042938290136806
4042938290514275
4042938290812182
4042938290043077
4042938290587859
4042938290111734
4042938290178758
4042938290157026
4042938290217853
4042938290623050
4042938290018707
4042938290328700
4042938290117863
4042938290703019
4042938290854317
4042938290270613
4042938290368219
4042938290768327
4042938290611360
4042938290565210
4042938290701450
4042938290667230
4042938290668121
4042938290740417
4042938290761462
4042938290003741
4042938290548059
4042938290704504
4042938290017287
4042938290485260
4042938290416851
4042938290710329
4042938290348146
4042938290801359
4042938290730780
4042938290174112
4042938290530214
4042938290083230
4042938290727752
4042938290754442
4042938290184541
4042938290846651
4042938290124273
4042938290531113
4042938290777526
4042938290554081
4042938290636714
4042938290143463
4042938290714370
4042938290106643
4042938290371809
4042938290570202
4042938290736159
4042938290887465
4042938290853640
4042938290830135
4042938290603714
4042938290337313
4042938290241531
4042938290766727
4042938290070856
4042938290374282
4042938290213480
4042938290360372
4042938290587842
4042938290873267
4042938290308447
4042938290057606
4042938290325508
4042938290254807
4042938290331340
4042938290351058
4042938290810889
4042938290888158
4042938290428427
4042938290821555
4042938290351637
4042938290223786
4042938290148314
4042938290131666
4042938290652646
4042938290301210
4042938290218554
4042938290016362
4042938290840340
4042938290663304
4042938290560203
4042938290002511
4042938290574667
4042938290367781
4042938290064313
4042938290742744
4042938290178600
4042938290341133
4042938290640252
4042938290670275
4042938290638413
4042938290120289
4042938290324527
4042938290138679
4042938290844375
4042938290642662
4042938290336232
4042938290456386
4042938290136103
4042938290252280
4042938290637753
4042938290403883
4042938290417172
4042938290632150
4042938290264517
4042938290266884
4042938290843468
4042938290461527
4042938290805277
4042938290277220
4042938290568438
4042938290167421
4042938290832214
4042938290800765
4042938290362303
4042938290561664
4042938290323339
4042938290203721
4042938290076283
4042938290227563
4042938290538613
4042938290725012
4042938290510562
4042938290684227
4042938290505786
4042938290158768
4042938290165201
4042938290031015
4042938290282857
4042938290150088
4042938290540080
4042938290652539
4042938290021701
4042938290435240
4042938290022105
4042938290731762
4042938290705626
4042938290555641
4042938290101677
4042938290304065
4042938290380834
4042938290334377
4042938290438673
4042938290838765
4042938290547713
4042938290763468
4042938290621344
4042938290717217
4042938290150138
4042938290630873
4042938290243339
4042938290153660
4042938290454621
4042938290041832
4042938290440000
4042938290551004
4042938290450058
4042938290445405
4042938290761561
4042938290740037
4042938290766503
4042938290387466
4042938290134306
4042938290765885
4042938290105421
4042938290187437
4042938290203663
4042938290205254
4042938290334682
4042938290757858
4042938290133647
4042938290365314
4042938290326266
4042938290071045
4042938290764565
4042938290686511
4042938290068744
4042938290032443
4042938290482333
4042938290732737
4042938290676355
4042938290111643
4042938290262875
4042938290734659
4042938290674046
4042938290721789
4042938290617219
4042938290586547
4042938290834111
4042938290323321
4042938290487050
4042938290548000
4042938290603722
4042938290608770
4042938290471401
4042938290622631
4042938290344038
4042938290051534
4042938290417628
4042938290645830
4042938290616179
4042938290187684
4042938290675639
4042938290212110
4042938290686040
4042938290652513
4042938290114720
4042938290128019
4042938290488462
4042938290686438
4042938290258204
4042938290027179
4042938290752347
4042938290718835
4042938290806077
4042938290686412
4042938290234361
4042938290588311
4042938290800815
4042938290480485
4042938290541179
4042938290355000
4042938290284382
4042938290236119
4042938290403248
4042938290083636
4042938290450637
4042938290041352
4042938290527343
4042938290083339
4042938290754061
4042938290154775
4042938290315152
4042938290732430
4042938290526238
4042938290237737
4042938290342313
4042938290513681
4042938290648156
4042938290142416
4042938290250540
4042938290718884
4042938290811663
4042938290343782
4042938290851529
4042938290734832
4042938290604118
4042938290603474
4042938290627150
4042938290142341
4042938290076705
4042938290245623
4042938290586307
4042938290502478
4042938290783425
4042938290254815
4042938290038465
4042938290557142
4042938290146177
4042938290287724
4042938290166621
4042938290813685
4042938290114407
4042938290180812
4042938290246472
4042938290002123
4042938290023434
4042938290106270
4042938290207474
4042938290403289
4042938290475147
4042938290446734
4042938290086316
4042938290342669
4042938290055600
4042938290555633
4042938290510216
4042938290268062
4042938290873051
4042938290755803
4042938290838781
4042938290274342
4042938290270183
4042938290854101
4042938290006033
4042938290718157
4042938290182735
4042938290227548
4042938290358806
4042938290733248
4042938290701187
4042938290586356
4042938290486623
4042938290660557
4042938290708083
4042938290108664
4042938290355273
4042938290217630
4042938290203655
4042938290828550
4042938290160137
4042938290231433
4042938290828238
4042938290261869
4042938290607129
4042938290847865
4042938290228447
4042938290711228
4042938290318412
4042938290325284
4042938290035784
4042938290423535
4042938290406118
4042938290220337
4042938290402521
4042938290860876
4042938290205304
4042938290408544
4042938290114274
4042938290375164
4042938290402885
4042938290200610
4042938290872129
4042938290713612
4042938290302267
4042938290185068
4042938290256687
4042938290143653
4042938290068140
4042938290276040
4042938290048621
4042938290774044
4042938290331118
4042938290604258
4042938290457616
4042938290683476
4042938290865040
4042938290666752
4042938290386732
4042938290667818
4042938290146276
4042938290763013
4042938290823841
4042938290014573
4042938290856213
4042938290645350
4042938290342412
4042938290464240
4042938290251308
4042938290275125
4042938290041865
4042938290362519
4042938290266603
4042938290230708
4042938290855520
4042938290275760
4042938290470056
4042938290663544
4042938290027807
4042938290432155
4042938290823536
4042938290785867
4042938290734642
4042938290044729
4042938290810012
4042938290384000
4042938290400442
4042938290613655
4042938290011330
4042938290768780
4042938290212508
4042938290713646
4042938290482887
4042938290806275
4042938290038283
4042938290554388
4042938290744245
4042938290372559
4042938290221533
4042938290265134
4042938290364515
4042938290822124
4042938290105389
4042938290116725
4042938290552788
4042938290045338
4042938290360778
4042938290174583
4042938290460479
4042938290403859
4042938290306136
4042938290825382
4042938290013823
4042938290613002
4042938290530784
4042938290681082
4042938290346033
4042938290435547
4042938290432411
4042938290808446
4042938290535759
4042938290335143
4042938290138273
4042938290221632
4042938290780413
4042938290107724
4042938290170128
4042938290338154
4042938290360364
4042938290433211
4042938290614687
4042938290483778
4042938290418048
4042938290680860
4042938290285173
4042938290777179
4042938290116352
4042938290576118
4042938290604589
4042938290445306
4042938290761405
4042938290416406
4042938290756363
4042938290302481
4042938290051740
4042938290382236
4042938290770562
4042938290806200
4042938290878563
4042938290006389
4042938290373581
4042938290481640
4042938290637688
4042938290627176
4042938290714883
4042938290615262
4042938290307019
4042938290323313
4042938290574428
4042938290506636
4042938290526725
4042938290234122
4042938290764748
4042938290713539
4042938290223315
4042938290501165
4042938290036568
4042938290712275
4042938290530271
4042938290562340
4042938290357659
4042938290878001
4042938290310633
4042938290543100
4042938290405573
4042938290821407
4042938290670549
4042938290540320
4042938290526469
4042938290117855
4042938290637167
4042938290276743
4042938290663049
4042938290131724
4042938290362006
4042938290120560
4042938290256505
4042938290151888
4042938290373409
4042938290151615
4042938290758369
4042938290788812
4042938290300170
4042938290380560
4042938290486813
4042938290200305
4042938290654741
4042938290877672
4042938290502486
4042938290355547
4042938290247751
4042938290113763
4042938290570301
4042938290755662
4042938290713828
4042938290742280
4042938290153587
4042938290832305
4042938290754475
4042938290473258
4042938290237380
4042938290327488
4042938290382152
4042938290742421
4042938290375669
4042938290813008
4042938290022253
4042938290850661
4042938290745259
4042938290661209
4042938290437287
4042938290724106
4042938290872665
4042938290004079
4042938290752131
4042938290810814
4042938290117327
4042938290320012
4042938290777252
4042938290806010
4042938290513475
4042938290548307
4042938290324113
4042938290801623
4042938290635609
4042938290382327
4042938290638686
4042938290136319
4042938290342347
4042938290360380
4042938290880338
4042938290225203
4042938290744583