41511155
71313854
06038515
72274636
43024941
25466526
Sin DNI
08845985
48251567
46696666
72629422
16281459
07761153
Sin DNI
41389227
18056572
07029031
48530669
10680325
19098320
43888298
40907306
10714712
46087253
10620468
47420747
46992411
45043871
23720222
07140631
40257274
48416538
41125604
Sin DNI
70154639
42432000
Sin DNI
46605816
07306877
Sin DNI
16463656
46139767
32982424
45491300
20046694
08202971
44873239
41854660
75895046
40273023
28296300
29661677
40709978
43365163
40054688
Sin DNI
Sin DNI
08603725
Sin DNI
40198824
41721701
40501669
Sin DNI
