41511155
71313854
06038515
72274636
43024941
25466526
Sin DNI
08845985
48251567
46696666
72629422
16281459
07761153
Sin DNI
41389227
18056572
07029031
48530669
10680325
19098320
43888298
40907306
10714712
46087253
10620468
47420747
46992411
45043871
23720222
07140631
40257274
48416538
41125604
Sin DNI
70154639
42432000
Sin DNI
46605816
07306877
Sin DNI
16463656
46139767
32982424
45491300
20046694
08202971
44873239
41854660
75895046
40273023
28296300
29661677
40709978
43365163
40054688
Sin DNI
Sin DNI
08603725
Sin DNI
40198824
41721701
40501669
Sin DNI
42506173
16612102
71050107
Sin DNI
45010069
40981695
44201036
70656923
47101978
41098852
10645974
Sin DNI
47908423
45608331
05328029
17570407
75335545
41907588
25793946
Sin DNI
32915090
43212518
45539671
44382638
45673228
43699580
45461659
40485274
44720688
09733203
72450453
44781753
41193922
06772125
29475864
09489245
45298770
42188960
Sin DNI
46075322
Sin DNI
45488485
70456129
47448949
42937253
42199471
47589819
46356678
72408295
09886493
46161263
48011030
47474948
47556403
47879528
41524798
40972617
46160338
32803771
09119075
46177512
41771253
03582694
Sin DNI
Sin DNI
06393189
Sin DNI
45233054
08160700
Sin DNI
09885475
42997855
46515823
72797781
00516258
00804887
42329570
41068176
47960739
72395196
43441606
40370945
45012005
10508955
41174872
40237150
42361990
16579383
21428120
47651973
40039328
Sin DNI
09618197
73042859
29415192
71914054
72428316
10313927
Sin DNI
73617801
Sin DNI
46793149
41666229
72704473
70000150
43137977
10083574
06306807
70424659
47573661
47090124
73687195
44926929
43407634
47215103
04041457
70545438
40889215
40617523
45831422
72284685
72644051
06776643
Sin DNI
76582150
05363560
41583216
00682965
25776388
76481126
70241247
73442666
Sin DNI
09987593
60584588
10267658
10055430
17530628
45407432
45272434
71220012
06019508
42952123
72016456
73580845
41171269
40918003
62114476
47512329
41980379
07637685
44784743
45651252
29224565
40028569
43972347
44003599
43744669
09823166
44357049
Sin DNI
71864901
29583940
70300419
29589372
42374139
43393821
40812708
45197259
16803582
02624225
08873269
45879436
44050068
42297581
25676683
45744013
71989553
07525043
09370369
46383326
45244861
40213795
25795489
43164170
45955640
43802342
70427162
44513561
Sin DNI
25593501
10019757
09398183
08775721
21565551
22459383
44619195
76298581
08213496
71283491
41836355
46137769
29624361
44429777
46665570
44360690
32978203
43483183
Sin DNI
17936805
43405916
41207891
72738380
30675813
Sin DNI
40591223
25451867
41400173
46691934
47396918
45312032
07511339
42658883
09536717
41579811
44798756
07641213
72119660
44886315
16773665
45164425
45914436
23715297
47370813
00104236
40992239
46714867
45240934
41652663
46312396
02789331
43590124
41792082
19675071
04745115
43038417
48068029
25818105
08357304
Sin DNI
47830107
80147254
46462458
47176752
24984154
70463515
Sin DNI
03662278
42380483
44423125
43088209
43642639
71445987
42588810
75552809
44220378
43103056
46701941
80199838
43659176
Sin DNI
45081891
43991725
41748909
15727105
42197005
06867020
43092629
08687395
47519439
Sin DNI
43784782
43178447
46121111
40799823
48012748
25749422
46845234
04078197
72020090
43771065
73540449
47020956
Sin DNI
44144199
70848935
73174247
44728782
72484520
16722333
Sin DNI
Sin DNI
70445690
42025856
22516270
44281002
70448089
Sin DNI
48486497
42672845
19259345
47905508
44249818
07904586
44715947
43879644
06790001
07538240
47413511
40765168
47452014
33670306
70493898
45202855
18172062
46858284
41489631
43982508
42880647
44546183
44083389
09555188
70973258
47638223
70887961
47857242
42320512
07319104
22305875
41482607
70459365
70125610
18222220
42752613
70262102
29362145
44013749
02617036
43503782
08472330
19857971
71437385
41567210
Sin DNI
41467157
46335573
43177899
