42769469
72874168
45425361
42831342
22404874
62459074
41525793
08713773
42420925
47212799
73388954
22426470
40249927
22517094
41622576
45780166
40613742
46082555
43652075
42674783
72117279
25769441
22404263
05398691
70915350
80447668
45130625
44588700
22515348
06601760
40067543
40946116
45450709
72664340
41415934
22503599
71700189
22474717
41368321
72695391
22862129
22408276
22516618
44303205
63062530
06294360
22484599
22703580
42640039
43373140
22407327
2247419541
23019151
44141134
22509895
46530875
22501134
22486816
71047499
41753595
81330695
41114476
47114262
42617519
44894647
22512520
73056571
73858607
23165404
22412638
22487171
22530073
45078289
74141987
09459781
06441210
42211657
22494507
46290128
22504545
22480882
46464499
42298103
22481243
46853065
46079078
22882087
20087501
22520761
22520651
71617362
22486650
22408339
72131559
46023909
45429534
25623305
19415306001
22429381
22404305
46824007
41728333
72229972
76087327
22488983
46017769
45862167
76216943
41011765
43906847
42702878
23143030
40425948
46064393
22400215
09808175
43375222
76594573
48442861
42586225
22484879
42650660
41945937
45018784
72185503
41266117
40728237
74443913
22413868
45927818
42574047
22435288
07162006
48685225
22300868
40448743
73364538
79317299
47203972
22642209
44443289
43447144
22732578
45601677
22520796
00123996
46023917
22419930
45949146
47668879
43483762
45456641
22508166
46337971
43964470
76860324
22504305
43183833
22418006
19415306001
22515653
70018614
44753361
45346133
40871315
45626548
76230696
46902905
07666428
43702690
43946872
40089912
22508299
45840615
48536299
41932584
41928756
42073381
45564519
22675073
40090905
22408332
46283615
22509115
40520885
48211324
47402049
22506291
42690860
800695946
72276837
22516209
40810002
22488867
40153605
40498562
48001669
25771417
77486860
43222414
40089813
76386928
22517562
46570685
22512784
21864111
42531532
28064859
42938332
47163310
41548765
22430152
47741122
22480916
22702429
22674762
42469175
43702689
22510394
74974034
44338610
44621297
41434507
45203300
40840002
40364275
22485999
46708014
43077847
08166074
22469686
40702872
27283204
22474343
22487782
22414488
22509229
22420003
42300601
73991283
72424776
22886409
47187209
41931414
20884312
45597759
01827696
22507020
22518726
43056356
41552223
70760111
74425510
46482983
22505332
45943441
47455668
22861687
22499144
71621298
01123111
41469551
42431131
22413068
40788477
42664705
46126045
42678312
71001213
22520858
43603464
42614067
22735348
43453587
44691130
22483766
22417949
70749677
42990089
40835307
71499057
40726463
45659976
41856915
72439765
47658197
41544772
18108950
72383353
43513575
22516434
63062610
45352639
22499368
22506953
46386274
43904558
41388171
72171975
22485361
47448441
29416221
76406260
