4919098268235302
4919098268236573
4919098268231301
4919098268237738
4919098268235385
4919098268232747
4919098268231285
4919098268234818
4919098268233513
4919098268238843
4919098268232713
4919098268237126
4919098268235583
4919098268238736
4919098268235468
4919098268234743
4919098268234305
4919098268235518
4919098268234362
4919098268232671
4919098268233620
4919098268238835
4919098268232317
4919098268232812
4919098268237720
4919098268231426
4919098268235104
4919098268235138
4919098268233133
4919098268238215
4919098268236433
4919098268235617
4919098268232325
4919098268232028
4919098268238561
4919098268238611
4919098268237217
4919098268238777
4919098268230253
4919098268235484
4919098268234388
4919098268230246
4919098268236508
4919098268236300
4919098268235310
4919098268236748
4919098268232655
4919098268231186
4919098268233430
4919098268237860
4919098268237381
4919098268233174
4919098268237282
4919098268236664
4919098268233646
4919098268234842
4919098268233034
4919098268234032
4919098268236557
4919098268236078
4919098268233117
4919098268237001
4919098268235443
4919098268231137
4919098268238876
4919098268238280
4919098268237456
4919098268237688
4919098268235427
4919098268238330
4919098268236425
4919098268232788
4919098268231871
4919098268238017
4919098268234727
4919098268236706
4919098268236888
4919098268233240
4919098268231814
4919098268235864
4919098268234016
4919098268236847
4919098268231822
4919098268230766
4919098268236375
4919098268237118
4919098268235062
4919098268237811
4919098268231764
4919098268238140
4919098268234040
4919098268234172
4919098268233570
4919098268235641
4919098268238744
4919098268231210
4919098268236383
4919098268233737
4919098268234073
4919098268237241
4919098268235542
4919098268238504
4919098268235807
4919098268231061
4919098268231707
4919098268234503
4919098268232564
4919098268232507
4919098268233760
4919098268232051
4919098268238645
4919098268236136
4919098268238512
4919098268231202
4919098268236813
4919098268237837
4919098268233463
4919098268238082
4919098268238546
4919098268233661
4919098268238074
4919098268232853
4919098268235088
4919098268234677
4919098268234602
4919098268233752
4919098268235120
4919098268238256
4919098268238884
4919098268231673
4919098268233653
4919098268231574
4919098268233158
4919098268230774
4919098268234214
4919098268235526
4919098268233836
4919098268231517
4919098268230832
4919098268232556
4919098268230881
4919098268231004
4919098268237613
4919098268235237
4919098268234180
4919098268231541
4919098268238157
4919098268236714
4919098268238058
4919098268236227
4919098268238785
4919098268238355
4919098268237563
4919098268235658
4919098268234354
4919098268238686
4919098268231624
4919098268230857
4919098268230717
4919098268234008
4919098268238462
4919098268234636
4919098268232408
4919098268238371
4919098268231863
4919098268236045
4919098268238421
4919098268237308
4919098268232457
4919098268233448
4919098268231442
4919098268237621
4919098268233265
4919098268236128
4919098268238520
4919098268235344
4919098268231145
4919098268235880
4919098268237357
4919098268236540
4919098268238801
