07922908
07908026
07907903
07907788
07907271
07610713
07759753
07906720
07722992
07722357
07721988
07721890
07720962
07922529
07821375
07821361
07821342
07836297
07921766
07855910
07720031
07820754
07820744
07820740
07719168
07820417
07820414
07820412
07820394
07820392
07820389
07820166
07820162
07718551
07820156
07819780
07819772
07819766
07718083
07819688
07819682
07819675
07718050
07819020
07819018
07819016
07818924
07818911
07818907
07921673
07904741
07716294
07716136
07715906
07904263
07817845
07817832
07817828
07903901
07855462
07855415
07758977
07758911
07920335
07834176
07903644
07903420
07758325
07758031
07833842
07919931
07919735
07833190
07833088
07854170
07652026
07756809
07756762
07816503
07816493
07816476
07816277
07816272
07816270
07832596
07853815
07832138
07832059
07815376
07815367
07815358
07681496
07814827
07814815
07814812
07814794
07814790
07814768
07814498
07814493
07814474
07814460
07814449
07814443
07814384
07814366
07902469
07901448
07852510
07901243
07919034
07680718
07680042
07852057
07649876
07917878
07917847
07688234
07688138
07678521
07678007
07813672
07813671
07813665
07813562
07813540
07685981
07685932
07812211
07812209
07812171
07812170
07812159
07898577
07742191
07742181
07742180
07742040
07896863
07916387
07916305
07741079
07915471
07740109
07739857
07915408
07914566
07914526
07648974
07648897
07914495
07648474
07914258
07756216
07739502
07647440
07739186
07646860
07755151
07737380
07895746
07895704
07895404
07895172
07894860
07736536
07894372
07736523
07736512
07913724
07913451
07893972
07893770
07912786
07912728
07734860
07734858
07734856
07714991
07892732
07892666
07892562
07892541
07892442
07714042
07605368
07891717
07713776
07713744
07754416
07754210
07604867
07754000
07753853
07753355
07752972
07712287