4551038303185453
4551038353658847
4551038303341858
4551038367826216
4551038306683660
4551038350626664
4551038317022767
4551038353276780
4551038308488134
4551038373140024
4551038353187318
4551038344101246
4551038387685386
4551038316207013
4551038334425506
4551038376073032
4551038357011035
4551038378882737
4551038371282141
4551038332118376
4551038338751451
4551038345223551
4551038368230657
4551038347711777
4551038343361478
4551038301655705
4551038315202221
4551038354607413
4551038338227122
4551038337354570
4551038344618025
4551038316777684
4551038337854058
4551038364234851
4551038325725310
4551038316766323
4551038332463038
4551038341222565
4551038348485777
4551038315346861
4551038308386577
4551038338287514
4551038383305153
4551038368751314
4551038304141737
4551038327046863
4551038330644373
4551038383066177
4551038353412310
4551038324717730
4551038370740743
4551038358244841
4551038341124621
4551038375864357
4551038342116576
4551038380564844
4551038371713673
4551038310206722
4551038352644111
4551038382558083
4551038303011287
4551038335803123
4551038347257011
4551038311578152
4551038331686340
4551038333770621
4551038324413454
4551038334160145
4551038317865561
4551038340238521
4551038308201248
4551038332543243
4551038326508178
4551038388780764
4551038368121401
4551038351356683
4551038342613507
4551038357760714
4551038312326676
4551038322688776
4551038318432817
4551038368327065
4551038311736131
4551038374712821
4551038357638787
4551038327084542
4551038348243820
4551038361800274
4551038350724832
4551038367855785
4551038341834377
4551038350168022
4551038354517000
4551038386323583
4551038316745103
4551038373126437
4551038382388077
4551038382277635
4551038334342610
4551038327703521
4551038382110810
4551038380236328
4551038327738741
4551038308171722
4551038342553430
4551038308106603
4551038300462368
4551038354305307
4551038307204631
4551038383286346
4551038365247860
4551038358603640
4551038356136460
4551038332347686
4551038345043330
4551038315635081
4551038324774251
4551038331243712
4551038306762647
4551038366681653
4551038324370613
4551038363246633
4551038322233268
4551038325585615
4551038367734402
4551038332007454
4551038313588480
4551038345303775
4551038305251642
4551038322280145
4551038317876576
4551038351688218
4551038340864664
4551038350240888
4551038331540430
4551038351566000
4551038368617846
4551038338362754
4551038380471800
4551038376454828
4551038357665251
4551038363084257
4551038358323884
4551038303838044
4551038378068626
4551038346578102
4551038357300024
4551038303123686
4551038353151272
4551038348184172
4551038371171245
4551038318515538
4551038314514170
4551038364837810
4551038321438710
4551038358147044
4551038343715020
4551038330161618
4551038334300543
4551038365603161
4551038376280652
4551038386288554
4551038372376512
4551038327717281
4551038305465226
4551038360100460
4551038363323432
4551038378318104
4551038327061672
4551038350083064
4551038381018113
4551038302014100
4551038347761764
4551038361321685
4551038303705821
4551038322188280
4551038381863872
4551038377551275
4551038332643530
4551038354330511
4551038388457488
4551038344453324
4551038312235208
4551038300840886
4551038323376801
4551038308135842
4551038352561067
4551038303870435
4551038302011288
4551038342804601
4551038302674242
4551038331043658
4551038388650025
4551038344506261
4551038302886804
4551038316073605
4551038311527878
4551038312347276
4551038301582388
4551038375751141
4551038375365652
4551038377132407
4551038340174445
4551038302067710
4551038340555288
4551038326873408
4551038345340561
4551038348218012
4551038325372568
4551038317647258
4551038382878424
4551038302118877
4551038355146544
4551038327166265
4551038350283516
4551038340482574
4551038367002206
4551038367020224
4551038315120365
4551038302211474
4551038318070708
4551038362255627
4551038343038787
4551038380244280
4551038352707280
4551038310734178
4551038313852050
4551038333620438
4551038305146230
4551038363382081
4551038350607532
4551038361024735
4551038368321274
4551038366886203
4551038337738814
4551038366430010
4551038357627426
4551038320317006
4551038384567447
4551038351778811
4551038383740763
4551038342527814
4551038346121564
4551038335653528
4551038355034617
4551038328054742
4551038361671006
4551038372457601
4551038380364617
4551038332688410
4551038344084731
4551038307454483
4551038366437833
4551038313276268
4551038308234587
4551038343100702
4551038345071562
