71201006
71201007
71201008
71201009
71201010
71201011
71201012
71201013
71201014
71201015
71201016
71201017
71201018
71201019
71201020
71201021
71201022
71201023
71201024
71201025
71201026
71201027
71201028
71201029
71201030
71201031
71201032
71201033
71201034
71201035
71201036
71201037
71201038
71201039
71201040
71201041
71201042
71201043
71201044
71201045
71201046
71201047
71201048
71201049
71201050
71201051
71201052
71201053
71201054
71201055
71201056
71201057
71201058
71201059
71201060
71201061
71201062
71201063
71201064
71201065
71201066
71201067
71201068
71201069
71201070
71201071
71201072
71201073
71201074
71201075
71201076
71201077
71201078
71201079
71201080
71201081
71201082
71201083
71201084
71201085
71201086
71201087
71201088
71201089
71201090
71201091
71201092
71201093
71201094
71201095
71201096
71201097
71201098
71201099
71201100
71201101
71201102
71201103
71201104
71201105
71201106
71201107
71201108
71201109
71201110
71201111
71201112
71201113
71201114
71201115
71201116
71201117
71201118
71201119
71201120
71201121
71201122
71201123
71201124
71201125
71201126
71201127
71201128
71201129
71201130
71201131
71201132
71201133
71201134
71201135
71201136
71201137
71201138
71201139
71201140
71201141
71201142
71201143
71201144
71201145
71201146
71201147
71201148
71201149
71201150
71201151
71201152
71201153
71201154
71201155
71201156
71201157
71201158
71201159
71201160
71201161
71201162
71201163
71201164
71201165
71201166
71201167
71201168
71201169
71201170
71201171
71201172
71201173
71201174
71201175
71201176
71201177
71201178
71201179
71201180
71201181
71201182
71201183
71201184
71201185
71201186
71201187
71201188
71201189
71201190
71201191
71201192
71201193
71201194
71201195
71201196
71201197
71201198
71201199
71201200
71201201
71201202
71201203
71201204
71201205
71201206
71201207
71201208
71201209
71201210
71201211
71201212
71201213
71201214
71201215
71201216
71201217
71201218
71201219
71201220
71201221
71201222
71201223
71201224
71201225
71201226
71201227
71201228
71201229
71201230
71201231
71201232
71201233
71201234
71201235
71201236
71201237
71201238
71201239
71201240
71201241
71201242
71201243
71201244
71201245
71201246
71201247
71201248
71201249
71201250
71201251
71201252
71201253
71201254
71201255
71201256
71201257
71201258
71201259
71201260
71201261
71201262
71201263
71201264
71201265
71201266
71201267
71201268
71201269
71201270
71201271
71201272
71201273
71201274
71201275
71201276
71201277
71201278
71201279
71201280
71201281
71201282
71201283
71201284
71201285
71201286
71201287
71201288
71201289
71201290
71201291
71201292
71201293
71201294
71201295
71201296
71201297
71201298
71201299
71201300
71201301
71201302
71201303
71201304
71201305
71201306
71201307
71201308
71201309
71201310
71201311
71201312
71201313
71201314
71201315
71201316
71201317
71201318
71201319
71201320
71201321
71201322
71201323
71201324
71201325
71201326
71201327
71201328
71201329
71201330
71201331
71201332
71201333
71201334
71201335
71201336
71201337
71201338
71201339
71201340
71201341
71201342
71201343
71201344
71201345
71201346
71201347
71201348
71201349
71201350
71201351
71201352
71201353
71201354
71201355
71201356
71201357
71201358
71201359
71201360
71201361
71201362
71201363
71201364
71201365
71201366
71201367
71201368
71201369
71201370
71201371
71201372
71201373
71201374
71201375
71201376
71201377
71201378
71201379
71201380
71201381
71201382
71201383
71201384
71201385
71201386
71201387
71201388
71201389
71201390
71201391
71201392
71201393
71201394
71201395
71201396
71201397
71201398
71201399
71201400
71201401
71201402
71201403
71201404
71201405
71201406
71201407
71201408
71201409
71201410
71201411
71201412
71201413
71201414
71201415
71201416
71201417
71201418
71201419
71201420
71201421
71201422
71201423
71201424
71201425
71201426
71201427
71201428
71201429
71201430
71201431
71201432
71201433
71201434
71201435
71201436
71201437
71201438
71201439
71201440
71201441
71201442
71201443
71201444
71201445
71201446
71201447
71201448
71201449
71201450
71201451
71201452
71201453
71201454
71201455
71201456
71201457
71201458
71201459
71201460
71201461
71201462
71201463
71201464
71201465
71201466
71201467
71201468
71201469
71201470
71201471
71201472
71201473
71201474
71201475
71201476
71201477
71201478
71201479
71201480
71201481
71201482
71201483
71201484
71201485
71201486
71201487
71201488
71201489
71201490
71201491
71201492
71201493
71201494
71201495
71201496
71201497
71201498
71201499
71201500
71201501
71201502
71201503
71201504
71201505
71201506
71201507
71201508
71201509
71201510
71201511
71201512
71201513
71201514
71201515
71201516
71201517
71201518
71201519
71201520
71201521
71201522
71201523
71201524
71201525
71201526
71201527
71201528
71201529
71201530
71201531
71201532
71201533
71201534
71201535
71201536
71201537
71201538
71201539
71201540
71201541
71201542
71201543
71201544
71201545
71201546
71201547
71201548
71201549
71201550
71201551
71201552
71201553
71201554
71201555
71201556
71201557
71201558
71201559
71201560
71201561
71201562
71201563
71201564
71201565
71201566
71201567
71201568
71201569
71201570
71201571
71201572
71201573
71201574
71201575
71201576
71201577
71201578
71201579
71201580
71201581
71201582
71201583
71201584
71201585
71201586
71201587
71201588
71201589
71201590
71201591
71201592
71201593
71201594
71201595
71201596
71201597
71201598
71201599
71201600
71201601
71201602
71201603
71201604
71201605
71201606
71201607
71201608
71201609
71201610
71201611
71201612
71201613
71201614
71201615
71201616
71201617
71201618
71201619
71201620
71201621
71201622
71201623
71201624
71201625
71201626
71201627
71201628
71201629
71201630
71201631
71201632
71201633
71201634
71201635
71201636
71201637
71201638
71201639
71201640
71201641
71201642
71201643
71201644
71201645
71201646
71201647
71201648
71201649
71201650
71201651
71201652
71201653
71201654
71201655
71201656
71201657
71201658
71201659
71201660
71201661
71201662
71201663
71201664
71201665
71201666
71201667
71201668
71201669
71201670
71201671
71201672
71201673
71201674
71201675
71201676
71201677
71201678
71201679
71201680
71201681
71201682
71201683
71201684
71201685
71201686
71201687
71201688
71201689
71201690
71201691
71201692
71201693
71201694
71201695
71201696
71201697
71201698
71201699
71201700
71201701
71201702
71201703
71201704
71201705
71201706
71201707
71201708
71201709
71201710
71201711
71201712
71201713
71201714
71201715
71201716
71201717
71201718
71201719
71201720
71201721
71201722
71201723
71201724
71201725
71201726
71201727
71201728
71201729
71201730
71201731
71201732
71201733
71201734
71201735
71201736
71201737
71201738
71201739
71201740
71201741
71201742
71201743
71201744
71201745
71201746
71201747
71201748
71201749
71201750
71201751
71201752
71201753
71201754
71201755
71201756
71201757
71201758
71201759
71201760
71201761
71201762
71201763
71201764
71201765
71201766
71201767
71201768
71201769
71201770
71201771
71201772
71201773
71201774
71201775
71201776
71201777
71201778
71201779
71201780
71201781
71201782
71201783
71201784
71201785
71201786
71201787
71201788
71201789
71201790
71201791
71201792
71201793
71201794
71201795
71201796
71201797
71201798
71201799
71201800
71201801
71201802
71201803
71201804
71201805
71201806
71201807
71201808
71201809
71201810
71201811
71201812
71201813
71201814
71201815
71201816
71201817
71201818
71201819
71201820
71201821
71201822
71201823
71201824
71201825
71201826
71201827
71201828
71201829
71201830
71201831
71201832
71201833
71201834
71201835
71201836
71201837
71201838
71201839
71201840
71201841
71201842
71201843
71201844
71201845
71201846
71201847
71201848
71201849
71201850
71201851
71201852
71201853
71201854
71201855
71201856
71201857
71201858
71201859
71201860
71201861
71201862
71201863
71201864
71201865
71201866
71201867
71201868
71201869
71201870
71201871
71201872
71201873
71201874
71201875
71201876
71201877
71201878
71201879
71201880
71201881
71201882
71201883
71201884
71201885
71201886
71201887
71201888
71201889
71201890
71201891
71201892
71201893
71201894
71201895
71201896
71201897
71201898
71201899
71201900
71201901
71201902
71201903
71201904
71201905
71201906
71201907
71201908
71201909
71201910
71201911
71201912
71201913
71201914
71201915
71201916
71201917
71201918
71201919
71201920
71201921
71201922
71201923
71201924
71201925
71201926
71201927
71201928
71201929
71201930
71201931
71201932
71201933
71201934
71201935
71201936
71201937
71201938
71201939
71201940
71201941
71201942
71201943
71201944
71201945
71201946
71201947
71201948
71201949
71201950
71201951
71201952
71201953
71201954
71201955
71201956
71201957
71201958
71201959
71201960
71201961
71201962
71201963
71201964
71201965
71201966
71201967
71201968
71201969
71201970
71201971
71201972
71201973
71201974
71201975
71201976
71201977
71201978
71201979
71201980
71201981
71201982
71201983
71201984
71201985
71201986
71201987
71201988
71201989
71201990
71201991
71201992
71201993
71201994
71201995
71201996
71201997
71201998
71201999
71202000
71202001
71202002
71202003
71202004
71202005
71202006
71202007
71202008
71202009
71202010
71202011
71202012
71202013
71202014
71202015
71202016
71202017
71202018
71202019
71202020
71202021
71202022
71202023
71202024
71202025
71202026
71202027
71202028
71202029
71202030
71202031
71202032
71202033
71202034
71202035
71202036
71202037
71202038
71202039
71202040
71202041
71202042
71202043
71202044
71202045
71202046
71202047
71202048
71202049
71202050
71202051
71202052
71202053
71202054
71202055
71202056
71202057
71202058
71202059
71202060
71202061
71202062
71202063
71202064
71202065
71202066
71202067
71202068
71202069
71202070
71202071
71202072
71202073
71202074
71202075
71202076
71202077
71202078
71202079
71202080
71202081
71202082
71202083
71202084
71202085
71202086
71202087
71202088
71202089
71202090
71202091
71202092
71202093
71202094
71202095
71202096
71202097
71202098
71202099
71202100
71202101
71202102
71202103
71202104
71202105
71202106
71202107
71202108
71202109
71202110
71202111
71202112
71202113
71202114
71202115
71202116
71202117
71202118
71202119
71202120
71202121
71202122
71202123
71202124
71202125
71202126
71202127
71202128
71202129
71202130
71202131
71202132
71202133
71202134
71202135
71202136
71202137
71202138
71202139
71202140
71202141
71202142
71202143
71202144
71202145
71202146
71202147
71202148
71202149
71202150
71202151
71202152
71202153
71202154
71202155
71202156
71202157
71202158
71202159
71202160
71202161
71202162
71202163
71202164
71202165
71202166
71202167
71202168
71202169
71202170
71202171
71202172
71202173
71202174
71202175
71202176
71202177
71202178
71202179
71202180
71202181
71202182
71202183
71202184
71202185
71202186
71202187
71202188
71202189
71202190
71202191
71202192
71202193
71202194
71202195
71202196
71202197
71202198
71202199
71202200
71202201
71202202
71202203
71202204
71202205
71202206
71202207
71202208
71202209
71202210
71202211
71202212
71202213
71202214
71202215
71202216
71202217
71202218
71202219
71202220
71202221
71202222
71202223
71202224
71202225
71202226
71202227
71202228
71202229
71202230
71202231
71202232
71202233
71202234
71202235
71202236
71202237
71202238
71202239
71202240
71202241
71202242
71202243
71202244
71202245
71202246
71202247
71202248
71202249
71202250
71202251
71202252
71202253
71202254
71202255
71202256
71202257
71202258
71202259
71202260
71202261
71202262
71202263
71202264
71202265
71202266
71202267
71202268
71202269
71202270
71202271
71202272
71202273
71202274
71202275
71202276
71202277
71202278
71202279
71202280
71202281
71202282
71202283
71202284
71202285
71202286
71202287
71202288
71202289
71202290
71202291
71202292
71202293
71202294
71202295
71202296
71202297
71202298
71202299
71202300
71202301
71202302
71202303
71202304
71202305
71202306
71202307
71202308
71202309
71202310
71202311
71202312
71202313
71202314
71202315
71202316
71202317
71202318
71202319
71202320
71202321
71202322
71202323
71202324
71202325
71202326
71202327
71202328
71202329
71202330
71202331
71202332
71202333
71202334
71202335
71202336
71202337
71202338
71202339
71202340
71202341
71202342
71202343
71202344
71202345
71202346
71202347
71202348
71202349
71202350
71202351
71202352
71202353
71202354
71202355
71202356
71202357
71202358
71202359
71202360
71202361
71202362
71202363
71202364
71202365
71202366
71202367
71202368
71202369
71202370
71202371
71202372
71202373
71202374
71202375
71202376
71202377
71202378
71202379
71202380
71202381
71202382
71202383
71202384
71202385
71202386
71202387
71202388
71202389
71202390
71202391
71202392
71202393
71202394
71202395
71202396
71202397
71202398
71202399
71202400
71202401
71202402
71202403
71202404
71202405
71202406
71202407
71202408
71202409
71202410
71202411
71202412
71202413
71202414
71202415
71202416
71202417
71202418
71202419
71202420
71202421
71202422
71202423
71202424
71202425
71202426
71202427
71202428
71202429
71202430
71202431
71202432
71202433
71202434
71202435
71202436
71202437
71202438
71202439
71202440
71202441
71202442
71202443
71202444
71202445
71202446
71202447
71202448
71202449
71202450
71202451
71202452
71202453
71202454
71202455
71202456
71202457
71202458
71202459
71202460
71202461
71202462
71202463
71202464
71202465
71202466
71202467
71202468
71202469
71202470
71202471
71202472
71202473
71202474
71202475
71202476
71202477
71202478
71202479
71202480
71202481
71202482
71202483
71202484
71202485
71202486
71202487
71202488
71202489
71202490
71202491
71202492
71202493
71202494
71202495
71202496
71202497
71202498
71202499
71202500
71202501
71202502
71202503
71202504
71202505
71202506
71202507
71202508
71202509
71202510
71202511
71202512
71202513
71202514
71202515
71202516
71202517
71202518
71202519
71202520
71202521
71202522
71202523
71202524
71202525
71202526
71202527
71202528
71202529
71202530
71202531
71202532
71202533
71202534
71202535
71202536
71202537
71202538
71202539
71202540
71202541
71202542
71202543
71202544
71202545
71202546
71202547
71202548
71202549
71202550
71202551
71202552
71202553
71202554
71202555
71202556
71202557
71202558
71202559
71202560
71202561
71202562
71202563
71202564
71202565
71202566
71202567
71202568
71202569
71202570
71202571
71202572
71202573
71202574
71202575
71202576
71202577
71202578
71202579
71202580
71202581
71202582
71202583
71202584
71202585
71202586
71202587
71202588
71202589
71202590
71202591
71202592
71202593
71202594
71202595
71202596
71202597
71202598
71202599
71202600
71202601
71202602
71202603
71202604
71202605
71202606
71202607
71202608
71202609
71202610
71202611
71202612
71202613
71202614
71202615
71202616
71202617
71202618
71202619
71202620
71202621
71202622
71202623
71202624
71202625
71202626
71202627
71202628
71202629
71202630
71202631
71202632
71202633
71202634
71202635
71202636
71202637
71202638
71202639
71202640
71202641
71202642
71202643
71202644
71202645
71202646
71202647
71202648
71202649
71202650
71202651
71202652
71202653
71202654
71202655
71202656
71202657
71202658
71202659
71202660
71202661
71202662
71202663
71202664
71202665
71202666
71202667
71202668
71202669
71202670
71202671
71202672
71202673
71202674
71202675
71202676
71202677
71202678
71202679
71202680
71202681
71202682
71202683
71202684
71202685
71202686
71202687
71202688
71202689
71202690
71202691
71202692
71202693
71202694
71202695
71202696
71202697
71202698
71202699
71202700
71202701
71202702
71202703
71202704
71202705
71202706
71202707
71202708
71202709
71202710
71202711
71202712
71202713
71202714
71202715
71202716
71202717
71202718
71202719
71202720
71202721
71202722
71202723
71202724
71202725
71202726
71202727
71202728
71202729
71202730
71202731
71202732
71202733
71202734
71202735
71202736
71202737
71202738
71202739
71202740
71202741
71202742
71202743
71202744
71202745
71202746
71202747
71202748
71202749
71202750
71202751
71202752
71202753
71202754
71202755
71202756
71202757
71202758
71202759
71202760
71202761
71202762
71202763
71202764
71202765
71202766
71202767
71202768
71202769
71202770
71202771
71202772
71202773
71202774
71202775
71202776
71202777
71202778
71202779
71202780
71202781
71202782
71202783
71202784
71202785
71202786
71202787
71202788
71202789
71202790
71202791
71202792
71202793
71202794
71202795
71202796
71202797
71202798
71202799
71202800
71202801
71202802
71202803
71202804
71202805
71202806
71202807
71202808
71202809
71202810
71202811
71202812
71202813
71202814
71202815
71202816
71202817
71202818
71202819
71202820
71202821
71202822
71202823
71202824
71202825
71202826
71202827
71202828
71202829
71202830
71202831
71202832
71202833
71202834
71202835
71202836
71202837
71202838
71202839
71202840
71202841
71202842
71202843
71202844
71202845
71202846
71202847
71202848
71202849
71202850
71202851
71202852
71202853
71202854
71202855
71202856
71202857
71202858
71202859
71202860
71202861
71202862
71202863
71202864
71202865
71202866
71202867
71202868
71202869
71202870
71202871
71202872
71202873
71202874
71202875
71202876
71202877
71202878
71202879
71202880
71202881
71202882
71202883
71202884
71202885
71202886
71202887
71202888
71202889
71202890
71202891
71202892
71202893
71202894
71202895
71202896
71202897
71202898
71202899
71202900
71202901
71202902
71202903
71202904
71202905
71202906
71202907
71202908
71202909
71202910
71202911
71202912
71202913
71202914
71202915
71202916
71202917
71202918
71202919
71202920
71202921
71202922
71202923
71202924
71202925
71202926
71202927
71202928
71202929
71202930
71202931
71202932
71202933
71202934
71202935
71202936
71202937
71202938
71202939
71202940
71202941
71202942
71202943
71202944
71202945
71202946
71202947
71202948
71202949
71202950
71202951
71202952
71202953
71202954
71202955
71202956
71202957
71202958
71202959
71202960
71202961
71202962
71202963
71202964
71202965
71202966
71202967
71202968
71202969
71202970
71202971
71202972
71202973
71202974
71202975
71202976
71202977
71202978
71202979
71202980
71202981
71202982
71202983
71202984
71202985
71202986
71202987
71202988
71202989
71202990
71202991
71202992
71202993
71202994
71202995
71202996
71202997
71202998
71202999
71203000
71203001
71203002
71203003
71203004
71203005
71203006
71203007
71203008
71203009
71203010
71203011
71203012
71203013
71203014
71203015
71203016
71203017
71203018
71203019
71203020
71203021
71203022
71203023
71203024
71203025
71203026
71203027
71203028
71203029
71203030
71203031
71203032
71203033
71203034
71203035
71203036
71203037
71203038
71203039
71203040
71203041
71203042
71203043
71203044
71203045
71203046
71203047
71203048
71203049
71203050
71203051
71203052
71203053
71203054
71203055
71203056
71203057
71203058
71203059
71203060
71203061
71203062
71203063
71203064
71203065
71203066
71203067
71203068
71203069
71203070
71203071
71203072
71203073
71203074
71203075
71203076
71203077
71203078
71203079
71203080
71203081
71203082
71203083
71203084
71203085
71203086
71203087
71203088
71203089
71203090
71203091
71203092
71203093
71203094
71203095
71203096
71203097
71203098
71203099
71203100
71203101
71203102
71203103
71203104
71203105
71203106
71203107
71203108
71203109
71203110
71203111
71203112
71203113
71203114
71203115
71203116
71203117
71203118
71203119
71203120
71203121
71203122
71203123
71203124
71203125
71203126
71203127
71203128
71203129
71203130
71203131
71203132
71203133
71203134
71203135
71203136
71203137
71203138
71203139
71203140
71203141
71203142
71203143
71203144
71203145
71203146
71203147
71203148
71203149
71203150
71203151
71203152
71203153
71203154
71203155
71203156
71203157
71203158
71203159
71203160
71203161
71203162
71203163
71203164
71203165
71203166
71203167
71203168
71203169
71203170
71203171
71203172
71203173
71203174
71203175
71203176
71203177
71203178
71203179
71203180
71203181
71203182
71203183
71203184
71203185
71203186
71203187
71203188
71203189
71203190
71203191
71203192
71203193
71203194
71203195
71203196
71203197
71203198
71203199
71203200
71203201
71203202
71203203
71203204
71203205
71203206
71203207
71203208
71203209
71203210
71203211
71203212
71203213
71203214
71203215
71203216
71203217
71203218
71203219
71203220
71203221
71203222
71203223
71203224
71203225
71203226
71203227
71203228
71203229
71203230
71203231
71203232
71203233
71203234
71203235
71203236
71203237
71203238
71203239
71203240
71203241
71203242
71203243
71203244
71203245
71203246
71203247
71203248
71203249
71203250
71203251
71203252
71203253
71203254
71203255
71203256
71203257
71203258
71203259
71203260
71203261
71203262
71203263
71203264
71203265
71203266
71203267
71203268
71203269
71203270
71203271
71203272
71203273
71203274
71203275
71203276
71203277
71203278
71203279
71203280
71203281
71203282
71203283
71203284
71203285
71203286
71203287
71203288
71203289
71203290
71203291
71203292
71203293
71203294
71203295
71203296
71203297
71203298
71203299
71203300
71203301
71203302
71203303
71203304
71203305
71203306
71203307
71203308
71203309
71203310
71203311
71203312
71203313
71203314
71203315
71203316
71203317
71203318
71203319
71203320
71203321
71203322
71203323
71203324
71203325
71203326
71203327
71203328
71203329
71203330
71203331
71203332
71203333
71203334
71203335
71203336
71203337
71203338
71203339
71203340
71203341
71203342
71203343
71203344
71203345
71203346
71203347
71203348
71203349
71203350
71203351
71203352
71203353
71203354
71203355
71203356
71203357
71203358
71203359
71203360
71203361
71203362
71203363
71203364
71203365
71203366
71203367
71203368
71203369
71203370
71203371
71203372
71203373
71203374
71203375
71203376
71203377
71203378
71203379
71203380
71203381
71203382
71203383
71203384
71203385
71203386
71203387
71203388
71203389
71203390
71203391
71203392
71203393
71203394
71203395
71203396
71203397
71203398
71203399
71203400
71203401
71203402
71203403
71203404
71203405
71203406
71203407
71203408
71203409
71203410
71203411
71203412
71203413
71203414
71203415
71203416
71203417
71203418
71203419
71203420
71203421
71203422
71203423
71203424
71203425
71203426
71203427
71203428
71203429
71203430
71203431
71203432
71203433
71203434
71203435
71203436
71203437
71203438
71203439
71203440
71203441
71203442
71203443
71203444
71203445
71203446
71203447
71203448
71203449
71203450
71203451
71203452
71203453
71203454
71203455
71203456
71203457
71203458
71203459
71203460
71203461
71203462
71203463
71203464
71203465
71203466
71203467
71203468
71203469
71203470
71203471
71203472
71203473
71203474
71203475
71203476
71203477
71203478
71203479
71203480
71203481
71203482
71203483
71203484
71203485
71203486
71203487
71203488
71203489
71203490
71203491
71203492
71203493
71203494
71203495
71203496
71203497
71203498
71203499
71203500
71203501
71203502
71203503
71203504
71203505
71203506
71203507
71203508
71203509
71203510
71203511
71203512
71203513
71203514
71203515
71203516
71203517
71203518
71203519
71203520
71203521
71203522
71203523
71203524
71203525
71203526
71203527
71203528
71203529
71203530
71203531
71203532
71203533
71203534
71203535
71203536
71203537
71203538
71203539
71203540
71203541
71203542
71203543
71203544
71203545
71203546
71203547
71203548
71203549
71203550
71203551
71203552
71203553
71203554
71203555
71203556
71203557
71203558
71203559
71203560
71203561
71203562
71203563
71203564
71203565
71203566
71203567
71203568
71203569
71203570
71203571
71203572
71203573
71203574
71203575
71203576
71203577
71203578
71203579
71203580
71203581
71203582
71203583
71203584
71203585
71203586
71203587
71203588
71203589
71203590
71203591
71203592
71203593
71203594
71203595
71203596
71203597
71203598
71203599
71203600
71203601
71203602
71203603
71203604
71203605
71203606
71203607
71203608
71203609
71203610
71203611
71203612
71203613
71203614
71203615
71203616
71203617
71203618
71203619
71203620
71203621
71203622
71203623
71203624
71203625
71203626
71203627
71203628
71203629
71203630
71203631
71203632
71203633
71203634
71203635
71203636
71203637
71203638
71203639
71203640
71203641
71203642
71203643
71203644
71203645
71203646
71203647
71203648
71203649
71203650
71203651
71203652
71203653
71203654
71203655
71203656
71203657
71203658
71203659
71203660
71203661
71203662
71203663
71203664
71203665
71203666
71203667
71203668
71203669
71203670
71203671
71203672
71203673
71203674
71203675
71203676
71203677
71203678
71203679
71203680
71203681
71203682
71203683
71203684
71203685
71203686
71203687
71203688
71203689
71203690
71203691
71203692
71203693
71203694
71203695
71203696
71203697
71203698
71203699
71203700
71203701
71203702
71203703
71203704
71203705
71203706
71203707
71203708
71203709
71203710
71203711
71203712
71203713
71203714
71203715
71203716
71203717
71203718
71203719
71203720
71203721
71203722
71203723
71203724
71203725
71203726
71203727
71203728
71203729
71203730
71203731
71203732
71203733
71203734
71203735
71203736
71203737
71203738
71203739
71203740
71203741
71203742
71203743
71203744
71203745
71203746
71203747
71203748
71203749
71203750
71203751
71203752
71203753
71203754
71203755
71203756
71203757
71203758
71203759
71203760
71203761
71203762
71203763
71203764
71203765
71203766
71203767
71203768
71203769
71203770
71203771
71203772
71203773
71203774
71203775
71203776
71203777
71203778
71203779
71203780
71203781
71203782
71203783
71203784
71203785
71203786
71203787
71203788
71203789
71203790
71203791
71203792
71203793
71203794
71203795
71203796
71203797
71203798
71203799
71203800
71203801
71203802
71203803
71203804
71203805
71203806
71203807
71203808
71203809
71203810
71203811
71203812
71203813
71203814
71203815
71203816
71203817
71203818
71203819
71203820
71203821
71203822
71203823
71203824
71203825
71203826
71203827
71203828
71203829
71203830
71203831
71203832
71203833
71203834
71203835
71203836
71203837
71203838
71203839
71203840
71203841
71203842
71203843
71203844
71203845
71203846
71203847
71203848
71203849
71203850
71203851
71203852
71203853
71203854
71203855
71203856
71203857
71203858
71203859
71203860
71203861
71203862
71203863
71203864
71203865
71203866
71203867
71203868
71203869
71203870
71203871
71203872
71203873
71203874
71203875
71203876
71203877
71203878
71203879
71203880
71203881
71203882
71203883
71203884
71203885
71203886
71203887
71203888
71203889
71203890
71203891
71203892
71203893
71203894
71203895
71203896
71203897
71203898
71203899
71203900
71203901
71203902
71203903
71203904
71203905
71203906
71203907
71203908
71203909
71203910
71203911
71203912
71203913
71203914
71203915
71203916
71203917
71203918
71203919
71203920
71203921
71203922
71203923
71203924
71203925
71203926
71203927
71203928
71203929
71203930
71203931
71203932
71203933
71203934
71203935
71203936
71203937
71203938
71203939
71203940
71203941
71203942
71203943
71203944
71203945
71203946
71203947
71203948
71203949
71203950
71203951
71203952
71203953
71203954
71203955
71203956
71203957
71203958
71203959
71203960
71203961
71203962
71203963
71203964
71203965
71203966
71203967
71203968
71203969
71203970
71203971
71203972
71203973
71203974
71203975
71203976
71203977
71203978
71203979
71203980
71203981
71203982
71203983
71203984
71203985
71203986
71203987
71203988
71203989
71203990
71203991
71203992
71203993
71203994
71203995
71203996
71203997
71203998
71203999
71204000
71204001
71204002
71204003
71204004
71204005
71204006
71204007
71204008
71204009
71204010
71204011
71204012
71204013
71204014
71204015
71204016
71204017
71204018
71204019
71204020
71204021
71204022
71204023
71204024
71204025
71204026
71204027
71204028
71204029
71204030
71204031
71204032
71204033
71204034
71204035
71204036
71204037
71204038
71204039
71204040
71204041
71204042
71204043
71204044
71204045
71204046
71204047
71204048
71204049
71204050
71204051
71204052
71204053
71204054
71204055
71204056
71204057
71204058
71204059
71204060
71204061
71204062
71204063
71204064
71204065
71204066
71204067
71204068
71204069
71204070
71204071
71204072
71204073
71204074
71204075
71204076
71204077
71204078
71204079
71204080
71204081
71204082
71204083
71204084
71204085
71204086
71204087
71204088
71204089
71204090
71204091
71204092
71204093
71204094
71204095
71204096
71204097
71204098
71204099
71204100
71204101
71204102
71204103
71204104
71204105
71204106
71204107
71204108
71204109
71204110
71204111
71204112
71204113
71204114
71204115
71204116
71204117
71204118
71204119
71204120
71204121
71204122
71204123
71204124
71204125
71204126
71204127
71204128
71204129
71204130
71204131
71204132
71204133
71204134
71204135
71204136
71204137
71204138
71204139
71204140
71204141
71204142
71204143
71204144
71204145
71204146
71204147
71204148
71204149
71204150
71204151
71204152
71204153
71204154
71204155
71204156
71204157
71204158
71204159
71204160
71204161
71204162
71204163
71204164
71204165
71204166
71204167
71204168
71204169
71204170
71204171
71204172
71204173
71204174
71204175
71204176
71204177
71204178
71204179
71204180
71204181
71204182
71204183
71204184
71204185
71204186
71204187
71204188
71204189
71204190
71204191
71204192
71204193
71204194
71204195
71204196
71204197
71204198
71204199
71204200
71204201
71204202
71204203
71204204
71204205
71204206
71204207
71204208
71204209
71204210
71204211
71204212
71204213
71204214
71204215
71204216
71204217
71204218
71204219
71204220
71204221
71204222
71204223
71204224
71204225
71204226
71204227
71204228
71204229
71204230
71204231
71204232
71204233
71204234
71204235
71204236
71204237
71204238
71204239
71204240
71204241
71204242
71204243
71204244
71204245
71204246
71204247
71204248
71204249
71204250
71204251
71204252
71204253
71204254
71204255
71204256
71204257
71204258
71204259
71204260
71204261
71204262
71204263
71204264
71204265
71204266
71204267
71204268
71204269
71204270
71204271
71204272
71204273
71204274
71204275
71204276
71204277
71204278
71204279
71204280
71204281
71204282
71204283
71204284
71204285
71204286
71204287
71204288
71204289
71204290
71204291
71204292
71204293
71204294
71204295
71204296
71204297
71204298
71204299
71204300
71204301
71204302
71204303
71204304
71204305
71204306
71204307
71204308
71204309
71204310
71204311
71204312
71204313
71204314
71204315
71204316
71204317
71204318
71204319
71204320
71204321
71204322
71204323
71204324
71204325
71204326
71204327
71204328
71204329
71204330
71204331
71204332
71204333
71204334
71204335
71204336
71204337
71204338
71204339
71204340
71204341
71204342
71204343
71204344
71204345
71204346
71204347
71204348
71204349
71204350
71204351
71204352
71204353
71204354
71204355
71204356
71204357
71204358
71204359
71204360
71204361
71204362
71204363
71204364
71204365
71204366
71204367
71204368
71204369
71204370
71204371
71204372
71204373
71204374
71204375
71204376
71204377
71204378
71204379
71204380
71204381
71204382
71204383
71204384
71204385
71204386
71204387
71204388
71204389
71204390
71204391
71204392
71204393
71204394
71204395
71204396
71204397
71204398
71204399
71204400
71204401
71204402
71204403
71204404
71204405
71204406
71204407
71204408
71204409
71204410
71204411
71204412
71204413
71204414
71204415
71204416
71204417
71204418
71204419
71204420
71204421
71204422
71204423
71204424
71204425
71204426
71204427
71204428
71204429
71204430
71204431
71204432
71204433
71204434
71204435
71204436
71204437
71204438
71204439
71204440
71204441
71204442
71204443
71204444
71204445
71204446
71204447
71204448
71204449
71204450
71204451
71204452
71204453
71204454
71204455
71204456
71204457
71204458
71204459
71204460
71204461
71204462
71204463
71204464
71204465
71204466
71204467
71204468
71204469
71204470
71204471
71204472
71204473
71204474
71204475
71204476
71204477
71204478
71204479
71204480
71204481
71204482
71204483
71204484
71204485
71204486
71204487
71204488
71204489
71204490
71204491
71204492
71204493
71204494
71204495
71204496
71204497
71204498
71204499
71204500
71204501
71204502
71204503
71204504
71204505
71204506
71204507
71204508
71204509
71204510
71204511
71204512
71204513
71204514
71204515
71204516
71204517
71204518
71204519
71204520
71204521
71204522
71204523
71204524
71204525
71204526
71204527
71204528
71204529
71204530
71204531
71204532
71204533
71204534
71204535
71204536
71204537
71204538
71204539
71204540
71204541
71204542
71204543
71204544
71204545
71204546
71204547
71204548
71204549
71204550
71204551
71204552
71204553
71204554
71204555
71204556
71204557
71204558
71204559
71204560
71204561
71204562
71204563
71204564
71204565
71204566
71204567
71204568
71204569
71204570
71204571
71204572
71204573
71204574
71204575
71204576
71204577
71204578
71204579
71204580
71204581
71204582
71204583
71204584
71204585
71204586
71204587
71204588
71204589
71204590
71204591
71204592
71204593
71204594
71204595
71204596
71204597
71204598
71204599
71204600
71204601
71204602
71204603
71204604
71204605
71204606
71204607
71204608
71204609
71204610
71204611
71204612
71204613
71204614
71204615
71204616
71204617
71204618
71204619
71204620
71204621
71204622
71204623
71204624
71204625
71204626
71204627
71204628
71204629
71204630
71204631
71204632
71204633
71204634
71204635
71204636
71204637
71204638
71204639
71204640
71204641
71204642
71204643
71204644
71204645
71204646
71204647
71204648
71204649
71204650
71204651
71204652
71204653
71204654
71204655
71204656
71204657
71204658
71204659
71204660
71204661
71204662
71204663
71204664
71204665
71204666
71204667
71204668
71204669
71204670
71204671
71204672
71204673
71204674
71204675
71204676
71204677
71204678
71204679
71204680
71204681
71204682
71204683
71204684
71204685
71204686
71204687
71204688
71204689
71204690
71204691
71204692
71204693
71204694
71204695
71204696
71204697
71204698
71204699
71204700
71204701
71204702
71204703
71204704
71204705
71204706
71204707
71204708
71204709
71204710
71204711
71204712
71204713
71204714
71204715
71204716
71204717
71204718
71204719
71204720
71204721
71204722
71204723
71204724
71204725
71204726
71204727
71204728
71204729
71204730
71204731
71204732
71204733
71204734
71204735
71204736
71204737
71204738
71204739
71204740
71204741
71204742
71204743
71204744
71204745
71204746
71204747
71204748
71204749
71204750
71204751
71204752
71204753
71204754
71204755
71204756
71204757
71204758
71204759
71204760
71204761
71204762
71204763
71204764
71204765
71204766
71204767
71204768
71204769
71204770
71204771
71204772
71204773
71204774
71204775
71204776
71204777
71204778
71204779
71204780
71204781
71204782
71204783
71204784
71204785
71204786
71204787
71204788
71204789
71204790
71204791
71204792
71204793
71204794
71204795
71204796
71204797
71204798
71204799
71204800
71204801
71204802
71204803
71204804
71204805
71204806
71204807
71204808
71204809
71204810
71204811
71204812
71204813
71204814
71204815
71204816
71204817
71204818
71204819
71204820
71204821
71204822
71204823
71204824
71204825
71204826
71204827
71204828
71204829
71204830
71204831
71204832
71204833
71204834
71204835
71204836
71204837
71204838
71204839
71204840
71204841
71204842
71204843
71204844
71204845
71204846
71204847
71204848
71204849
71204850
71204851
71204852
71204853
71204854
71204855
71204856
71204857
71204858
71204859
71204860
71204861
71204862
71204863
71204864
71204865
71204866
71204867
71204868
71204869
71204870
71204871
71204872
71204873
71204874
71204875
71204876
71204877
71204878
71204879
71204880
71204881
71204882
71204883
71204884
71204885
71204886
71204887
71204888
71204889
71204890
71204891
71204892
71204893
71204894
71204895
71204896
71204897
71204898
71204899
71204900
71204901
71204902
71204903
71204904
71204905
71204906
71204907
71204908
71204909
71204910
71204911
71204912
71204913
71204914
71204915
71204916
71204917
71204918
71204919
71204920
71204921
71204922
71204923
71204924
71204925
71204926
71204927
71204928
71204929
71204930
71204931
71204932
71204933
71204934
71204935
71204936
71204937
71204938
71204939
71204940
71204941
71204942
71204943
71204944
71204945
71204946
71204947
71204948
71204949
71204950
71204951
71204952
71204953
71204954
71204955
71204956
71204957
71204958
71204959
71204960
71204961
71204962
71204963
71204964
71204965
71204966
71204967
71204968
71204969
71204970
71204971
71204972
71204973
71204974
71204975
71204976
71204977
71204978
71204979
71204980
71204981
71204982
71204983
71204984
71204985
71204986
71204987
71204988
71204989
71204990
71204991
71204992
71204993
71204994
71204995
71204996
71204997
71204998
71204999
71205000