4222240002313670
4222240002310072
4222240002311831
4222240002316376
4222240002313803
4222240002318042
4222240002312037
4222240002314470
4222240002315071
4222240002310361
4222240002312888
4222240002311112
4222240002317242
4222240002310528
4222240002317762
4222240002316244
4222240002310783
4222240002317440
4222240002313506
4222240002318521
4222240002314132
4222240002314553
4222240002317515
4222240002318653
4222240002314280
4222240002317085
4222240002311526
4222240002311765
4222240002318174
4222240002318752
4222240002312045
4222240002311104
4222240002318612
4222240002310320
4222240002313357
4222240002317671
4222240002318083
4222240002310254
4222240002316368
4222240002317663
4222240002318273
4222240002313860
4222240002312367
4222240002317408
4222240002314876
4222240002314603
4222240002313472
4222240002310882
4222240002310064
4222240002315204
4222240002312375
4222240002310833
4222240002313233
4222240002317127
4222240002310445
4222240002311823
4222240002318463
4222240002313142
4222240002311617
4222240002310080
4222240002318422
4222240002313266
4222240002314777
4222240002317143
4222240002317887
4222240002313431
4222240002316020
4222240002312557
4222240002314082
4222240002313720
4222240002316624
4222240002318141
4222240002310130
4222240002311187
4222240002311856
4222240002311583
4222240002316525
4222240002315774
4222240002313068
4222240002316731
4222240002313738
4222240002318877
4222240002311138
4222240002311377
4222240002316426
4222240002315386
4222240002310841
4222240002315113
4222240002313258
4222240002310288
4222240002317275
4222240002315311
4222240002316251
4222240002310213
4222240002318711
4222240002312870
4222240002310114
4222240002318448
4222240002317234
4222240002310387
4222240002315303
4222240002315014
4222240002311567
4222240002311542
4222240002311120
4222240002314835
4222240002312318
4222240002310668
4222240002317804
4222240002311435
4222240002317853
4222240002313126
4222240002310353
4222240002314173
4222240002318570
4222240002315741
4222240002312730
4222240002312110
4222240002316681
4222240002316632
4222240002316327
4222240002315212
4222240002318208
4222240002317747
4222240002315451
4222240002317614
4222240002317721
4222240002310684
4222240002314074
4222240002311443
4222240002313118
4222240002313332
4222240002315527
4222240002318240
4222240002315048
4222240002318000
4222240002315808
4222240002318620
4222240002318166
4222240002315543
4222240002311740
4222240002318216
4222240002316434
4222240002310056
4222240002312508
4222240002315873
4222240002317572
4222240002314371
4222240002318828
4222240002314330
4222240002315626
4222240002317028
4222240002313456
4222240002314231
4222240002311302
4222240002317374
4222240002314561
4222240002312086
4222240002316145
4222240002313746
4222240002317051
4222240002316236
4222240002318588
4222240002312458
4222240002315246
4222240002316046
4222240002318133
4222240002318661
4222240002312177
4222240002316707
4222240002311682
4222240002312201
4222240002315352
4222240002312482
4222240002311666
4222240002318505
4222240002316566
4222240002317606
4222240002312383
4222240002316764
4222240002311286
4222240002314314
4222240002311716
4222240002310312
4222240002316160
4222240002313563
4222240002312441
4222240002315758
4222240002316830
4222240002312144
4222240002315568
4222240002313613
4222240002314546
4222240002314702
4222240002315105
4222240002314264
4222240002310551
4222240002315485
4222240002314405
4222240002316533
4222240002315857
4222240002316384
4222240002316756
4222240002311054
4222240002315782
4222240002318414
4222240002316178
4222240002318331
4222240002316772
4222240002311211
4222240002314165
4222240002311401
4222240002314652
4222240002316517
4222240002316152
4222240002313852
4222240002315766
4222240002317705
4222240002312185
4222240002310650
4222240002311880
4222240002317788
4222240002312532
4222240002317465
4222240002317861
4222240002314272
4222240002314850
4222240002316202
4222240002312805
4222240002316582
4222240002311724
4222240002312573
4222240002318554
4222240002316350
4222240002312607
4222240002318760
4222240002312417
4222240002314033
4222240002311088
4222240002312334
4222240002316335
4222240002314801
4222240002310478
4222240002318257
4222240002318703
4222240002318836
4222240002312136
4222240002316210
4222240002311146
4222240002316855
4222240002315378
4222240002310437
4222240002313423
4222240002310247
4222240002311781
4222240002317325
4222240002318737
4222240002316558
4222240002316574
4222240002314025
4222240002316780
4222240002318844
4222240002311328
4222240002314348
4222240002315006
4222240002312524
4222240002310411
4222240002310627
4222240002311336
4222240002315030
4222240002318281
4222240002311872
4222240002318018
4222240002314520
4222240002314108
4222240002312664
4222240002317317
4222240002314751
4222240002310486
4222240002310122
4222240002310726
4222240002315667
4222240002318307
4222240002312763
4222240002311658
4222240002310007
4222240002312631
4222240002317564
4222240002314355
4222240002311815
4222240002313076
4222240002311575
4222240002313530
4222240002314827
4222240002315410
4222240002316087
4222240002315170
4222240002316673
4222240002313555
4222240002318067
4222240002315584
4222240002317135
4222240002312854
4222240002316400
4222240002318034
4222240002315253
4222240002310304
4222240002314462
4222240002317416
4222240002311245
4222240002314736
4222240002317283
4222240002316418
4222240002315345
4222240002312151
4222240002313621
4222240002311773
4222240002313464
4222240002312011
4222240002312516
4222240002315147
4222240002314538
4222240002310163
4222240002316277
4222240002316038
4222240002314256
4222240002316715
4222240002318182
4222240002313407
4222240002317176
4222240002310031
4222240002318638
4222240002314660
4222240002312433
4222240002311641
4222240002314413
4222240002313134
4222240002317341
4222240002314884
4222240002313183
4222240002315881
4222240002312813
4222240002310767
4222240002313225
4222240002316814
4222240002316657
4222240002311385
4222240002317184
4222240002315618
4222240002316483
4222240002313662
4222240002317044
4222240002317424
4222240002313324
4222240002311732
4222240002312284
4222240002316103
4222240002311351
4222240002316616
4222240002318471
4222240002316822
4222240002315238
4222240002311310
4222240002317267
4222240002311047
4222240002310346
4222240002314322
4222240002315816
4222240002311625
4222240002316475
4222240002312342
4222240002313548
4222240002316186
4222240002312078
4222240002312581
4222240002317556
4222240002317838
4222240002317648
4222240002314686
4222240002312714
4222240002316301
4222240002315733
4222240002310817
4222240002311013
4222240002315717
4222240002313274
4222240002318547
4222240002310775
4222240002316541
4222240002314181
4222240002311260
4222240002310106
4222240002314363
4222240002313514
4222240002317655
4222240002311427
4222240002315428
4222240002314421
4222240002310866
4222240002314744
4222240002318406
4222240002313886
4222240002312540
4222240002312862
4222240002317010
4222240002312565
4222240002315865
4222240002312060
4222240002310221
4222240002312235
4222240002312326
4222240002317481
4222240002318315
4222240002310601
4222240002316012
4222240002317366
4222240002313845
4222240002311633
4222240002312003
4222240002314306
4222240002314124
4222240002318372
4222240002312722
4222240002313761
4222240002312102
4222240002314587
4222240002315402
4222240002310015
4222240002318745
4222240002315824
4222240002318885
4222240002316871
4222240002311153
4222240002312128
4222240002310403
4222240002311237
4222240002315535
4222240002310585
4222240002318364
4222240002313712
4222240002310270
4222240002318356
4222240002317101
4222240002313688
4222240002318430
4222240002316665
4222240002314116
4222240002310700
4222240002318513
4222240002317226
4222240002311450
4222240002316061
4222240002315642
4222240002316228
4222240002318851
4222240002317036
4222240002315444
4222240002311070
4222240002316053
4222240002313308
4222240002313415
4222240002312680
4222240002312771
4222240002314728
4222240002314645
4222240002310205
4222240002312615
4222240002310155
4222240002315287
4222240002316343
4222240002315832
4222240002315501
4222240002312425
4222240002311500
4222240002318604
4222240002313050
4222240002316004
4222240002315188
4222240002313480
4222240002310577
4222240002315683
4222240002318265
4222240002310452
4222240002311674
4222240002317507
4222240002316723
4222240002313241
4222240002316863
4222240002314454
4222240002310460
4222240002313787
4222240002314140
4222240002317622
4222240002310676
4222240002314488
4222240002314447
4222240002313811
4222240002316285
4222240002317200
4222240002316640
4222240002318810
4222240002318778
4222240002318158
4222240002311344
4222240002315634
4222240002317846
4222240002314678
4222240002311203
4222240002313340
4222240002312474
4222240002315063
4222240002312466
4222240002313027
4222240002317820
4222240002314066
4222240002317457
4222240002316608
4222240002312300
4222240002310171
4222240002310023
4222240002317713
4222240002315154
4222240002312276
4222240002312672
4222240002310858
4222240002314017
4222240002310544
4222240002312268
4222240002316467
4222240002318786
4222240002314843
4222240002317754
4222240002310825
4222240002313084
4222240002315162
4222240002318117
4222240002318802
4222240002310718
4222240002315725
4222240002314785
4222240002310643
4222240002317218
4222240002310742
4222240002317333
4222240002315055
4222240002315576
4222240002312052
4222240002315360
4222240002314157
4222240002312623
4222240002310338
4222240002318075
4222240002317002
4222240002313704
4222240002311807
4222240002318455
4222240002312821
4222240002317432
4222240002314058
4222240002318026
4222240002314041
4222240002310734
4222240002314611
4222240002311021
4222240002311278
4222240002311484
4222240002317770
4222240002317473
4222240002313001
4222240002317630
4222240002310635
4222240002317358
4222240002312748
4222240002317077
4222240002317382
4222240002311534
4222240002318232
4222240002318323
4222240002315675
4222240002311062
4222240002313282
4222240002315121
4222240002315337
4222240002315477
4222240002318687
4222240002312243
4222240002311476
4222240002318224
4222240002314215
4222240002311864
4222240002314868
4222240002312755
4222240002313647
4222240002312706
4222240002317168
4222240002312847
4222240002317531
4222240002313837
4222240002313878
4222240002310874
4222240002315022
4222240002310502
4222240002311252
4222240002313035
4222240002311005
4222240002314512
4222240002316806
4222240002318380
4222240002315261
4222240002311708
4222240002313605
4222240002311757
4222240002314637
4222240002313175
4222240002313381
4222240002310536
4222240002317150
4222240002314207
4222240002313316
4222240002313753
4222240002317580
4222240002315600
4222240002316137
4222240002312227
4222240002312250
4222240002313522
4222240002316442
4222240002310510
4222240002314223
4222240002318562
4222240002311518
4222240002310148
4222240002314504
4222240002317812
4222240002310262
4222240002311468
4222240002315840
4222240002316111
4222240002318646
4222240002315436
4222240002313167
4222240002314710
4222240002311161
4222240002315550
4222240002316848
4222240002312656
4222240002315220
4222240002317523
4222240002313217
4222240002313100
4222240002313043
4222240002313373
4222240002318125
4222240002313571
4222240002313365
4222240002313654
4222240013148768
4222240013145178
4222240013141714
4222240013143751
4222240013141607
4222240013142522
4222240013140740
4222240013145012
4222240013148867
4222240013146044
4222240013140468
4222240013148321
4222240013148750
4222240013146630
4222240013140658
4222240013143512
4222240013146424
4222240013144742
4222240013148347
4222240013143553
4222240013148487
4222240013141334
4222240013142068
4222240013143108
4222240013142266
4222240013140872
4222240013147646
4222240013147703
4222240013141581
4222240013142720
4222240013141037
4222240013143223
4222240013142365
4222240013145517
4222240013148842
4222240013146382
4222240013144353
4222240013147034
4222240013143884
4222240013142621
4222240013148628
4222240013147588
4222240013140302
4222240013141284
4222240013141540
4222240013145723
4222240013141615
4222240013143603
4222240013145715
4222240013146135
4222240013148883
4222240013142548
4222240013143330
4222240013148123
4222240013146812
4222240013146671
4222240013148453
4222240013144858
4222240013143710
4222240013144783
4222240013148362
4222240013145665
4222240013146358
4222240013145582
4222240013146507
4222240013147075
4222240013147471
4222240013147620
4222240013141144
4222240013144122
4222240013140104
4222240013147570
4222240013140260
4222240013146085
4222240013143447
4222240013142662
4222240013144411
4222240013140641
4222240013142886
4222240013145368
4222240013141003
4222240013145384
4222240013143314
4222240013142407
4222240013143777
4222240013145475
4222240013143157
4222240013140880
4222240013146234
4222240013143645
4222240013143876
4222240013141482
4222240013140625
4222240013148677
4222240013146655
4222240013143504
4222240013140666
4222240013140435
4222240013140781
4222240013146325
4222240013143421
4222240013142563
4222240013142506
4222240013144155
4222240013148727
4222240013145558
4222240013143264
4222240013144031
4222240013148586
4222240013141300
4222240013142845
4222240013145236
4222240013142605
4222240013141680
4222240013143173
4222240013145020
4222240013141854
4222240013148388
4222240013148354
4222240013140161
4222240013146762
4222240013147828
4222240013142860
4222240013148826
4222240013146465
4222240013143413
4222240013147125
4222240013145244
4222240013144478
4222240013141474
4222240013148743
4222240013145152
4222240013148420
4222240013143587
4222240013146820
4222240013144130
4222240013142332
4222240013140377
4222240013144544
4222240013142043
4222240013148560
4222240013141276
4222240013144668
4222240013143082
4222240013141011
4222240013140120
4222240013142811
4222240013140765
4222240013141748
4222240013144684
4222240013146176
4222240013142878
4222240013144072
4222240013145251
4222240013142746
4222240013140443
4222240013147711
4222240013140328
4222240013141375
4222240013145772
4222240013141177
4222240013140112
4222240013144106
4222240013147042
4222240013147653
4222240013147224
4222240013143280
4222240013140245
4222240013146846
4222240013148255
4222240013144320
4222240013143801
4222240013142753
4222240013144817
4222240013140575
4222240013145814
4222240013144767
4222240013140401
4222240013144841
4222240013143454
4222240013143363
4222240013146713
4222240013146226
4222240013145731
4222240013144015
4222240013142035
4222240013143041
4222240013140138
4222240013148511
4222240013145004
4222240013145376
4222240013140278
4222240013141706
4222240013140542
4222240013147463
4222240013148115
4222240013142225
4222240013147257
4222240013148263
4222240013144536
4222240013148438
4222240013148503
4222240013148818
4222240013146887
4222240013147802
4222240013143686
4222240013148206
4222240013144361
4222240013142852
4222240013145624
4222240013143116
4222240013140682
4222240013148040
4222240013148461
4222240013147885
4222240013143702
4222240013145764
4222240013147281
4222240013147752
4222240013147513
4222240013144718
4222240013146788
4222240013148651
4222240013147182
4222240013145848
4222240013142803
4222240013146077
4222240013148685
4222240013145616
4222240013147141
4222240013144163
4222240013140757
4222240013140526
4222240013142233
4222240013148784
4222240013140005
4222240013141862
4222240013143561
4222240013142175
4222240013140476
4222240013141722
4222240013142258
4222240013146614
4222240013147026
4222240013145434
4222240013146242
4222240013147760
4222240013143827
4222240013144635
4222240013148008
4222240013144577
4222240013148636
4222240013148065
4222240013145202
4222240013146861
4222240013140617
4222240013148404
4222240013148073
4222240013148222
4222240013148016
4222240013140153
4222240013147505
4222240013140286
4222240013141128
4222240013141813
4222240013141086
4222240013144833
4222240013140203
4222240013141532
4222240013143124
4222240013145608
4222240013142688
4222240013146515
4222240013145285
4222240013142324
4222240013147844
4222240013141243
4222240013143132
4222240013147117
4222240013141326
4222240013146184
4222240013144700
4222240013145756
4222240013142001
4222240013140336
4222240013141771
4222240013143405
4222240013148313
4222240013146580
4222240013141367
4222240013142456
4222240013143835
4222240013147307
4222240013147604
4222240013141185
4222240013147810
4222240013147786
4222240013147430
4222240013142100
4222240013145541
4222240013146721
4222240013143611
4222240013147331
4222240013141151
4222240013143546
4222240013148024
4222240013146457
4222240013148834
4222240013142357
4222240013147174
4222240013144171
4222240013145145
4222240013145632
4222240013146523
4222240013140070
4222240013144551
4222240013140450
4222240013142704
4222240013148305
4222240013141631
4222240013145418
4222240013144585
4222240013141250
4222240013145657
4222240013141441
4222240013145467
4222240013146127
4222240013146648
4222240013147232
4222240013145061
4222240013143272
4222240013142076
4222240013145681
4222240013147638
4222240013145350
4222240013142340
4222240013141623
4222240013146366
4222240013141433
4222240013145186
4222240013148578
4222240013142415
4222240013140187
4222240013145574
4222240013145442
4222240013140674
4222240013141821
4222240013145830
4222240013147836
4222240013143728
4222240013143348
4222240013141458
4222240013142472
4222240013140211
4222240013143785
4222240013143660
4222240013140252
4222240013147547
4222240013144825
4222240013145640
4222240013147372
4222240013141078
4222240013141565
4222240013143678
4222240013140500
4222240013145087
4222240013148370
4222240013144643
4222240013146341
4222240013146804
4222240013141672
4222240013142837
4222240013146143
4222240013144270
4222240013142282
4222240013146747
4222240013142555
4222240013143520
4222240013140567
4222240013147000
4222240013142514
4222240013146770
4222240013147240
4222240013146002
4222240013144726
4222240013148776
4222240013146283
4222240013146200
4222240013141227
4222240013147018
4222240013142654
4222240013146531
4222240013140724
4222240013141805
4222240013145400
4222240013141201
4222240013141763
4222240013142670
4222240013147356
4222240013147737
4222240013141870
4222240013145160
4222240013146028
4222240013140427
4222240013142241
4222240013146473
4222240013146408
4222240013145210
4222240013147315
4222240013141045
4222240013140310
4222240013148180
4222240013142381
4222240013144882
4222240013146556
4222240013141847
4222240013145806
4222240013145111
4222240013147851
4222240013144650
4222240013140344
4222240013140146
4222240013144676
4222240013142134
4222240013147612
4222240013141508
4222240013147455
4222240013144502
4222240013148164
4222240013141573
4222240013140856
4222240013146150
4222240013145228
4222240013141383
4222240013140583
4222240013144866
4222240013146010
4222240013140831
4222240013141110
4222240013143744
4222240013141730
4222240013144437
4222240013144288
4222240013141235
4222240013142431
4222240013146218
4222240013142613
4222240013146051
4222240013140013
4222240013144460
4222240013140864
4222240013148610
4222240013144056
4222240013148081
4222240013144486
4222240013147422
4222240013147208
4222240013147661
4222240013148735
4222240013142530
4222240013145137
4222240013146036
4222240013144627
4222240013146374
4222240013145343
4222240013142738
4222240013145053
4222240013140815
4222240013148248
4222240013148271
4222240013148446
4222240013141466
4222240013143207
4222240013143058
4222240013142423
4222240013143025
4222240013147778
4222240013144601
4222240013144114
4222240013148032
4222240013144510
4222240013141052
4222240013140088
4222240013145335
4222240013147448
4222240013147364
4222240013146481
4222240013148602
4222240013142274
4222240013144528
4222240013146663
4222240013143736
4222240013141136
4222240013143306
4222240013144734
4222240013143322
4222240013141060
4222240013142373
4222240013142571
4222240013145426
4222240013140807
4222240013140518
4222240013144874
4222240013142027
4222240013147166
4222240013142142
4222240013142480
4222240013148537
4222240013145673
4222240013140823
4222240013143462
4222240013146333
4222240013140237
4222240013144023
4222240013146853
4222240013143256
4222240013147083
4222240013146572
4222240013143215
4222240013140773
4222240013148701
4222240013143868
4222240013140054
4222240013145525
4222240013140385
4222240013141102
4222240013146168
4222240013144007
4222240013148131
4222240013143371
4222240013148107
4222240013148545
4222240013143231
4222240013143033
4222240013147067
4222240013140708
4222240013148057
4222240013147877
4222240013145103
4222240013147380
4222240013144148
4222240013145301
4222240013147745
4222240013141656
4222240013140716
4222240013144338
4222240013144262
4222240013140633
4222240013143850
4222240013145483
4222240013146622
4222240013144080
4222240013143066
4222240013141425
4222240013142050
4222240013142217
4222240013147554
4222240013147265
4222240013144452
4222240013146564
4222240013144254
4222240013148172
4222240013143637
4222240013147687
4222240013143355
4222240013145863
4222240013141664
4222240013145822
4222240013141524
4222240013140047
4222240013143017
4222240013146275
4222240013142183
4222240013142647
4222240013144247
4222240013146754
4222240013146317
4222240013140732
4222240013141268
4222240013142712
4222240013147323
4222240013143165
4222240013145046
4222240013146267
4222240013148156
4222240013148552
4222240013142787
4222240013143488
4222240013142084
4222240013141888
4222240013143181
4222240013147414
4222240013140484
4222240013142118
4222240013146705
4222240013146606
4222240013147562
4222240013142761
4222240013145038
4222240013144213
4222240013145566
4222240013148230
4222240013146416
4222240013144387
4222240013142167
4222240013142308
4222240013141755
4222240013143140
4222240013143538
4222240013145327
4222240013144346
4222240013145871
4222240013145533
4222240013141557
4222240013143652
4222240013143074
4222240013140021
4222240013141417
4222240013147133
4222240013148875
4222240013142316
4222240013143843
4222240013143470
4222240013145277
4222240013146838
4222240013141318
4222240013148800
4222240013144064
4222240013141516
4222240013146101
4222240013144304
4222240013140534
4222240013147216
4222240013148644
4222240013140351
4222240013144403
4222240013144775
4222240013144445
4222240013148214
4222240013145855
4222240013146440
4222240013144205
4222240013148412
4222240013147158
4222240013146432
4222240013141342
4222240013145780
4222240013140062
4222240013147273
4222240013144312
4222240013147406
4222240013145707
4222240013142126
4222240013142464
4222240013144221
4222240013147521
4222240013057860
4222240013056367
4222240013054321
4222240013056862
4222240013050014
4222240013050873
4222240013058645
4222240013051178
4222240013058314
4222240013058660
4222240013058413
4222240013054024
4222240013055757
4222240013054867
4222240013052572
4222240013054081
4222240013054784
4222240013056466
4222240013052622
4222240013058116
4222240013053000
4222240013056524
4222240013058017
4222240013053240
4222240013052507
4222240013057654
4222240013058884
4222240013051111
4222240013050048
4222240013058546
4222240013053356
4222240013058751
4222240013056136
4222240013051384
4222240013057365
4222240013054750
4222240013055187
4222240013052606
4222240013057225
4222240013057852
4222240013050832
4222240013055344
4222240013052226
4222240013055104
4222240013050386
4222240013054016
4222240013056003
4222240013055070
4222240013051236
4222240013052101
4222240013057845
4222240013051251
4222240013052374
4222240013058728
4222240013051087
4222240013054503
4222240013057662
4222240013052036
4222240013052754
4222240013051863
4222240013051285
4222240013050725
4222240013051327
4222240013058355
4222240013054180
4222240013056128
4222240013051657
4222240013056201
4222240013053828
4222240013056250
4222240013056052
4222240013052150
4222240013051368
4222240013057423
4222240013053703
4222240013054230
4222240013057233
4222240013056300
4222240013056870
4222240013051541
4222240013052481
4222240013058264
4222240013053786
4222240013052747
4222240013054123
4222240013052358
4222240013053273
4222240013053505
4222240013054313
4222240013053810
4222240013054537
4222240013055088
4222240013051608
4222240013053547
4222240013054412
4222240013050782
4222240013057506
4222240013055278
4222240013056672
4222240013053075
4222240013057555
4222240013058504
4222240013052465
4222240013054404
4222240013055336
4222240013051152
4222240013056334
4222240013058512
4222240013058843
4222240013050618
4222240013055047
4222240013052184
4222240013058553
4222240013052531
4222240013051418
4222240013057373
4222240013055716
4222240013052887
4222240013054255
4222240013051830
4222240013053661
4222240013055583
4222240013050881
4222240013054735
4222240013053471
4222240013050428
4222240013058165
4222240013051566
4222240013050600
4222240013056185
4222240013051137
4222240013050105
4222240013056441
4222240013053414
4222240013051103
4222240013052275
4222240013057340
4222240013056318
4222240013050113
4222240013050527
4222240013056045
4222240013052762
4222240013057126
4222240013054164
4222240013056813
4222240013055005
4222240013056771
4222240013053620
4222240013051145
4222240013052218
4222240013056631
4222240013055252
4222240013058033
4222240013056144
4222240013057274
4222240013056243
4222240013055500
4222240013052861
4222240013058074
4222240013051681
4222240013055484
4222240013051731
4222240013054131
4222240013055641
4222240013051871
4222240013053745
4222240013052432
4222240013055815
4222240013057761
4222240013058785
4222240013050204
4222240013058306
4222240013050758
4222240013054586
4222240013053208
4222240013055377
4222240013055112
4222240013053653
4222240013051426
4222240013056706
4222240013058652
4222240013053612
4222240013057381
4222240013053307
4222240013051525
4222240013054263
4222240013052408
4222240013057027
4222240013050485
4222240013053513
4222240013050246
4222240013056623
4222240013053877
4222240013054032
4222240013050352
4222240013053570
4222240013055153
4222240013056177
4222240013054602
4222240013053562
4222240013057035
4222240013055807
4222240013057803
4222240013052077
4222240013055781
4222240013055260
4222240013052705
4222240013053364
4222240013054271
4222240013050410
4222240013053323
4222240013053646
4222240013056821
4222240013050402
4222240013054644
4222240013057514
4222240013054776
4222240013054701
4222240013052556
4222240013051673
4222240013050311
4222240013051012
4222240013051244
4222240013050287
4222240013056458
4222240013055658
4222240013052630
4222240013055625
4222240013051723
4222240013054560
4222240013053067
4222240013055286
4222240013052770
4222240013051848
4222240013050584
4222240013054214
4222240013058066
4222240013057316
4222240013058181
4222240013050840
4222240013054040
4222240013050162
4222240013053687
4222240013050253
4222240013057670
4222240013051350
4222240013056060
4222240013054206
4222240013056342
4222240013053455
4222240013054875
4222240013050238
4222240013056037
4222240013057738
4222240013050071
4222240013054107
4222240013052341
4222240013056714
4222240013057613
4222240013058132
4222240013057407
4222240013054818
4222240013051756
4222240013055237
4222240013052028
4222240013055526
4222240013051442
4222240013053711
4222240013051467
4222240013055732
4222240013053463
4222240013050865
4222240013054172
4222240013053422
4222240013056276
4222240013053836
4222240013056235
4222240013058827
4222240013057837
4222240013055062
4222240013052135
4222240013055211
4222240013057241
4222240013050675
4222240013054453
4222240013053448
4222240013053158
4222240013052424
4222240013056375
4222240013058744
4222240013052382
4222240013050568
4222240013053372
4222240013050345
4222240013057746
4222240013057605
4222240013054438
4222240013054008
4222240013055831
4222240013055724
4222240013057076
4222240013052523
4222240013051053
4222240013057688
4222240013056573
4222240013058207
4222240013054743
4222240013053406
4222240013056854
4222240013056748
4222240013056102
4222240013053133
4222240013057563
4222240013050188
4222240013058637
4222240013057332
4222240013057878
4222240013055138
4222240013054115
4222240013052788
4222240013058173
4222240013057068
4222240013057787
4222240013051764
4222240013057142
4222240013054446
4222240013054222
4222240013055385
4222240013056383
4222240013055161
4222240013055351
4222240013053141
4222240013056474
4222240013051228
4222240013058454
4222240013053554
4222240013056565
4222240013054883
4222240013053265
4222240013056425
4222240013054420
4222240013051046
4222240013058678
4222240013058611
4222240013058421
4222240013055120
4222240013058108
4222240013056151
4222240013058025
4222240013056656
4222240013052002
4222240013055542
4222240013050022
4222240013053760
4222240013052176
4222240013050543
4222240013051772
4222240013053331
4222240013052721
4222240013054727
4222240013057415
4222240013050477
4222240013058272
4222240013050360
4222240013054073
4222240013052051
4222240013050436
4222240013052325
4222240013057431
4222240013053166
4222240013056508
4222240013056755
4222240013058488
4222240013051814
4222240013056284
4222240013053216
4222240013055401
4222240013056268
4222240013055864
4222240013052283
4222240013058256
4222240013050535
4222240013052820
4222240013051665
4222240013056615
4222240013051400
4222240013050683
4222240013057217
4222240013056805
4222240013050121
4222240013051855
4222240013055427
4222240013055203
4222240013052473
4222240013054057
4222240013058520
4222240013055575
4222240013057258
4222240013057472
4222240013051483
4222240013052655
4222240013058868
4222240013051335
4222240013052846
4222240013051806
4222240013058447
4222240013051160
4222240013057134
4222240013057308
4222240013055682
4222240013052804
4222240013052713
4222240013052044
4222240013058124
4222240013053430
4222240013051707
4222240013053281
4222240013055310
4222240013050774
4222240013057704
4222240013054685
4222240013053042
4222240013053737
4222240013057720
4222240013050212
4222240013052564
4222240013058462
4222240013058835
4222240013050451
4222240013056664
4222240013058702
4222240013057100
4222240013053034
4222240013050733
4222240013054362
4222240013056581
4222240013052671
4222240013058850
4222240013055302
4222240013051582
4222240013053844
4222240013051202
4222240013052168
4222240013050808
4222240013051624
4222240013054388
4222240013052366
4222240013058686
4222240013056011
4222240013055245
4222240013054552
4222240013053885
4222240013054628
4222240013053026
4222240013053232
4222240013057480
4222240013058876
4222240013051780
4222240013058470
4222240013054305
4222240013052234
4222240013051061
4222240013058371
4222240013054834
4222240013050824
4222240013051004
4222240013051376
4222240013057175
4222240013056532
4222240013056326
4222240013057811
4222240013053752
4222240013054610
4222240013055773
4222240013057324
4222240013058157
4222240013050006
4222240013050170
4222240013056730
4222240013050063
4222240013057530
4222240013055518
4222240013058330
4222240013052200
4222240013054842
4222240013055450
4222240013058280
4222240013056433
4222240013055856
4222240013050550
4222240013051640
4222240013057548
4222240013055468
4222240013055328
4222240013058603
4222240013051715
4222240013052010
4222240013055435
4222240013050741
4222240013058140
4222240013056078
4222240013054826
4222240013051343
4222240013056763
4222240013052580
4222240013054461
4222240013057167
4222240013058561
4222240013055880
4222240013057357
4222240013051277
4222240013058405
4222240013058710
4222240013057001
4222240013055633
4222240013057886
4222240013058058
4222240013054768
4222240013057712
4222240013050717
4222240013052838
4222240013050576
4222240013057282
4222240013050766
4222240013052242
4222240013054578
4222240013051434
4222240013055146
4222240013056482
4222240013055013
4222240013058041
4222240013054511
4222240013057621
4222240013050220
4222240013053778
4222240013050642
4222240013054545
4222240013051301
4222240013058223
4222240013054487
4222240013051632
4222240013051517
4222240013056417
4222240013058736
4222240013052812
4222240013054651
4222240013050030
4222240013052143
4222240013057043
4222240013056516
4222240013053851
4222240013052515
4222240013053018
4222240013054370
4222240013053315
4222240013055054
4222240013055823
4222240013052853
4222240013051558
4222240013057753
4222240013054677
4222240013056680
4222240013050626
4222240013053174
4222240013051533
4222240013050444
4222240013054636
4222240013056847
4222240013058215
4222240013056722
4222240013058363
4222240013057522
4222240013052317
4222240013053604
4222240013054347
4222240013052267
4222240013053083
4222240013053125
4222240013054354
4222240013053802
4222240013055765
4222240013055476
4222240013050303
4222240013057183
4222240013052085
4222240013052127
4222240013050634
4222240013052333
4222240013057456
4222240013057464
4222240013055666
4222240013058801
4222240013057571
4222240013051038
4222240013057647
4222240013058587
4222240013050147
4222240013050154
4222240013052663
4222240013052416
4222240013051186
4222240013053588
4222240013058231
4222240013055872
4222240013053224
4222240013056888
4222240013053638
4222240013055567
4222240013051475
4222240013053380
4222240013052457
4222240013055708
4222240013055674
4222240013052440
4222240013050055
4222240013056607
4222240013054800
4222240013058777
4222240013051616
4222240013050857
4222240013057050
4222240013052648
4222240013053182
4222240013053117
4222240013054156
4222240013055021
4222240013058082
4222240013057084
4222240013056086
4222240013056540
4222240013055443
4222240013055534
4222240013050501
4222240013058322
4222240013050337
4222240013058348
4222240013058538
4222240013056557
4222240013050667
4222240013053257
4222240013051822
4222240013050816
4222240013052614
4222240013056227
4222240013053521
4222240013055740
4222240013056110
4222240013057118
4222240013051574
4222240013054248
4222240013054065
4222240013050378
4222240013055617
4222240013051020
4222240013051210
4222240013057266
4222240013050261
4222240012474447
4222240012476541
4222240012474157
4222240012475782
4222240012478281
4222240012477317
4222240012475857
4222240012475428
4222240012476608
4222240012472730
4222240012471153
4222240012475600
4222240012477788
4222240012471617
4222240012471500
4222240012476863
4222240012472276
4222240012477622
4222240012474355
4222240012472870
4222240012478067
4222240012475386
4222240012476806
4222240012471724
4222240012476244
4222240012472151
4222240012474454
4222240012476640
4222240012470676
4222240012474041
4222240012471526
4222240012477002
4222240012473357
4222240012475774
4222240012472060
4222240012472540
4222240012473423
4222240012474033
4222240012473613
4222240012470007
4222240012475030
4222240012472680
4222240012475808
4222240012477648
4222240012471682
4222240012477705
4222240012472268
4222240012470478
4222240012477085
4222240012476228
4222240012478364
4222240012476681
4222240012474744
4222240012471310
4222240012475055
4222240012478331
4222240012471534
4222240012472714
4222240012476012
4222240012476616
4222240012475063
4222240012473373
4222240012473183
4222240012471658
4222240012470031
4222240012476004
4222240012471260
4222240012472227
4222240012478307
4222240012471443
4222240012477432
4222240012472607
4222240012473282
4222240012476343
4222240012470601
4222240012474520
4222240012473506
4222240012471450
4222240012471120
4222240012471401
4222240012473076
4222240012473704
4222240012471252
4222240012478687
4222240012475618
4222240012474546
4222240012474470
4222240012474843
4222240012473811
4222240012474660
4222240012470387
4222240012475634
4222240012476764
4222240012471518
4222240012478372
4222240012478430
4222240012473548
4222240012478356
4222240012475543
4222240012473100
4222240012473415
4222240012471435
4222240012471013
4222240012476087
4222240012472821
4222240012474637
4222240012475865
4222240012477127
4222240012474413
4222240012474272
4222240012478133
4222240012472078
4222240012475733
4222240012477861
4222240012473886
4222240012478034
4222240012477820
4222240012478810
4222240012472144
4222240012478851
4222240012476467
4222240012477630
4222240012476277
4222240012470114
4222240012470320
4222240012472136
4222240012472235
4222240012474512
4222240012478273
4222240012476871
4222240012478463
4222240012478737
4222240012475501
4222240012472052
4222240012470312
4222240012470650
4222240012477101
4222240012475238
4222240012473647
4222240012474751
4222240012478612
4222240012471070
4222240012470213
4222240012477218
4222240012476111
4222240012470577
4222240012478323
4222240012473084
4222240012470627
4222240012472474
4222240012475378
4222240012474801
4222240012477382
4222240012474124
4222240012478554
4222240012475675
4222240012473654
4222240012472045
4222240012475436
4222240012476566
4222240012477473
4222240012470775
4222240012475824
4222240012470171
4222240012475048
4222240012476483
4222240012473621
4222240012476046
4222240012474223
4222240012475758
4222240012473522
4222240012478828
4222240012475873
4222240012473837
4222240012471484
4222240012472003
4222240012476368
4222240012473241
4222240012474876
4222240012474538
4222240012478240
4222240012472037
4222240012476038
4222240012471005
4222240012471104
4222240012475147
4222240012471344
4222240012470452
4222240012478836
4222240012477606
4222240012476426
4222240012478182
4222240012478075
4222240012470767
4222240012470056
4222240012473316
4222240012473605
4222240012471187
4222240012475311
4222240012471302
4222240012478026
4222240012475741
4222240012472177
4222240012471468
4222240012474025
4222240012472417
4222240012477051
4222240012476723
4222240012478315
4222240012477663
4222240012478646
4222240012470502
4222240012473787
4222240012473480
4222240012473662
4222240012478778
4222240012477036
4222240012476236
4222240012471047
4222240012472813
4222240012473670
4222240012472367
4222240012476756
4222240012476855
4222240012473878
4222240012471823
4222240012471211
4222240012476061
4222240012477853
4222240012474207
4222240012476772
4222240012478513
4222240012478661
4222240012478158
4222240012472425
4222240012470163
4222240012476376
4222240012470437
4222240012475485
4222240012472615
4222240012475188
4222240012472201
4222240012476202
4222240012472383
4222240012472110
4222240012471427
4222240012471088
4222240012475683
4222240012473308
4222240012472573
4222240012477887
4222240012478000
4222240012472664
4222240012472326
4222240012478877
4222240012473274
4222240012474611
4222240012477374
4222240012477184
4222240012478521
4222240012475105
4222240012470288
4222240012470247
4222240012473472
4222240012478505
4222240012475410
4222240012474827
4222240012473324
4222240012473753
4222240012474116
4222240012472334
4222240012473381
4222240012476137
4222240012475816
4222240012474603
4222240012473332
4222240012472300
4222240012473845
4222240012475071
4222240012476350
4222240012471575
4222240012476442
4222240012474215
4222240012477440
4222240012477747
4222240012476582
4222240012475006
4222240012477523
4222240012472482
4222240012470023
4222240012473860
4222240012474173
4222240012475352
4222240012474868
4222240012473175
4222240012478703
4222240012476707
4222240012476434
4222240012478216
4222240012478125
4222240012473035
4222240012472128
4222240012476335
4222240012471716
4222240012470445
4222240012474322
4222240012477507
4222240012475162
4222240012477283
4222240012471021
4222240012474686
4222240012476822
4222240012470668
4222240012472318
4222240012470635
4222240012477366
4222240012476384
4222240012477234
4222240012472805
4222240012475584
4222240012478760
4222240012471542
4222240012470783
4222240012472672
4222240012477275
4222240012474363
4222240012473712
4222240012474561
4222240012474850
4222240012470148
4222240012472433
4222240012471625
4222240012471336
4222240012474280
4222240012477077
4222240012473407
4222240012473233
4222240012477721
4222240012478562
4222240012477713
4222240012475303
4222240012470205
4222240012476251
4222240012476525
4222240012474330
4222240012472250
4222240012473142
4222240012470528
4222240012477804
4222240012477762
4222240012478232
4222240012475766
4222240012478166
4222240012474884
4222240012471476
4222240012473761
4222240012470742
4222240012477838
4222240012478042
4222240012473456
4222240012471831
4222240012477200
4222240012474678
4222240012470270
4222240012474710
4222240012473027
4222240012476574
4222240012474488
4222240012471351
4222240012477770
4222240012477135
4222240012474421
4222240012474140
4222240012477358
4222240012478638
4222240012475360
4222240012471146
4222240012477150
4222240012471815
4222240012471138
4222240012473266
4222240012470361
4222240012470841
4222240012471807
4222240012478885
4222240012470700
4222240012471641
4222240012474702
4222240012477010
4222240012473126
4222240012473803
4222240012471286
4222240012476814
4222240012470718
4222240012475444
4222240012478711
4222240012475642
4222240012470130
4222240012473118
4222240012475154
4222240012477572
4222240012476475
4222240012473225
4222240012470536
4222240012474587
4222240012475170
4222240012471377
4222240012473571
4222240012476731
4222240012473050
4222240012476327
4222240012477655
4222240012470460
4222240012471583
4222240012473134
4222240012478406
4222240012470015
4222240012478455
4222240012478174
4222240012475626
4222240012474181
4222240012472375
4222240012470072
4222240012470262
4222240012478117
4222240012474082
4222240012470585
4222240012474553
4222240012474017
4222240012471328
4222240012477457
4222240012477465
4222240012471880
4222240012473217
4222240012475113
4222240012472441
4222240012478620
4222240012476665
4222240012472631
4222240012474256
4222240012472847
4222240012472458
4222240012474314
4222240012470338
4222240012473514
4222240012475014
4222240012472185
4222240012476673
4222240012471781
4222240012471054
4222240012478083
4222240012478257
4222240012477846
4222240012471567
4222240012477424
4222240012474306
4222240012475535
4222240012470734
4222240012471732
4222240012470486
4222240012474777
4222240012477564
4222240012473530
4222240012472516
4222240012470080
4222240012477242
4222240012477143
4222240012478604
4222240012470403
4222240012471740
4222240012478745
4222240012477531
4222240012475212
4222240012478588
4222240012477267
4222240012476400
4222240012475725
4222240012477580
4222240012477481
4222240012476780
4222240012471773
4222240012474132
4222240012470726
4222240012474835
4222240012470551
4222240012470874
4222240012473555
4222240012474405
4222240012476517
4222240012477671
4222240012473431
4222240012475527
4222240012472656
4222240012473043
4222240012475832
4222240012470858
4222240012474645
4222240012476533
4222240012475022
4222240012474736
4222240012475220
4222240012470411
4222240012470353
4222240012478547
4222240012475345
4222240012476285
4222240012474058
4222240012478802
4222240012472557
4222240012470817
4222240012475337
4222240012470106
4222240012477515
4222240012472771
4222240012472748
4222240012476145
4222240012472763
4222240012473068
4222240012472524
4222240012475477
4222240012474652
4222240012475204
4222240012478786
4222240012476715
4222240012473464
4222240012477408
4222240012471278
4222240012471872
4222240012470155
4222240012472755
4222240012477614
4222240012472854
4222240012478018
4222240012477812
4222240012476103
4222240012470304
4222240012473746
4222240012472342
4222240012470346
4222240012474504
4222240012475246
4222240012473340
4222240012478208
4222240012471666
4222240012476624
4222240012476152
4222240012471245
4222240012474108
4222240012472508
4222240012475121
4222240012470064
4222240012473167
4222240012471765
4222240012471864
4222240012470510
4222240012472581
4222240012470221
4222240012473688
4222240012477028
4222240012471757
4222240012470544
4222240012474066
4222240012478570
4222240012476418
4222240012477168
4222240012478653
4222240012472565
4222240012478448
4222240012475576
4222240012470882
4222240012470254
4222240012475402
4222240012476186
4222240012478422
4222240012470833
4222240012476020
4222240012474165
4222240012475253
4222240012478752
4222240012475667
4222240012472011
4222240012475568
4222240012471708
4222240012478414
4222240012476053
4222240012475451
4222240012474074
4222240012470825
4222240012471385
4222240012474785
4222240012471203
4222240012474462
4222240012473563
4222240012477044
4222240012477416
4222240012476632
4222240012476210
4222240012476848
4222240012474371
4222240012478224
4222240012472888
4222240012470643
4222240012474264
4222240012477176
4222240012474728
4222240012474348
4222240012474231
4222240012478380
4222240012477341
4222240012475717
4222240012470122
4222240012472532
4222240012475881
4222240012473720
4222240012472623
4222240012478265
4222240012475550
4222240012470684
4222240012473001
4222240012476160
4222240012473852
4222240012471856
4222240012471237
4222240012475261
4222240012475287
4222240012476830
4222240012473365
4222240012472086
4222240012472284
4222240012470866
4222240012472466
4222240012471062
4222240012477325
4222240012471161
4222240012471112
4222240012472722
4222240012477333
4222240012477226
4222240012471633
4222240012472243
4222240012476301
4222240012472862
4222240012471674
4222240012477754
4222240012473738
4222240012477556
4222240012478141
4222240012478471
4222240012476558
4222240012473258
4222240012478844
4222240012476657
4222240012476178
4222240012472102
4222240012475840
4222240012472706
4222240012174484
4222240012171456
4222240012174260
4222240012172520
4222240012172702
4222240012170888
4222240012174773
4222240012176281
4222240012171423
4222240012173452
4222240012177222
4222240012176653
4222240012171845
4222240012171761
4222240012178717
4222240012174054
4222240012178733
4222240012175242
4222240012172314
4222240012174583
4222240012170227
4222240012176117
4222240012171621
4222240012176166
4222240012177214
4222240012170607
4222240012171811
4222240012173551
4222240012175838
4222240012173676
4222240012178071
4222240012170862
4222240012170532
4222240012178238
4222240012177016
4222240012171266
4222240012178378
4222240012173536
4222240012172231
4222240012178014
4222240012173635
4222240012170235
4222240012178618
4222240012172124
4222240012173718
4222240012174575
4222240012178006
4222240012176315
4222240012178428
4222240012175655
4222240012170110
4222240012173825
4222240012171878
4222240012177032
4222240012176422
4222240012176844
4222240012173445
4222240012173254
4222240012172165
4222240012172454
4222240012175275
4222240012177677
4222240012171316
4222240012171076
4222240012175812
4222240012170375
4222240012171068
4222240012175440
4222240012170052
4222240012173650
4222240012178501
4222240012171712
4222240012178857
4222240012173205
4222240012170623
4222240012173478
4222240012172025
4222240012178113
4222240012177784
4222240012177271
4222240012172116
4222240012170284
4222240012175101
4222240012171746
4222240012176471
4222240012171217
4222240012177461
4222240012178741
4222240012174401
4222240012175762
4222240012171480
4222240012173528
4222240012173288
4222240012170185
4222240012173882
4222240012178154
4222240012177057
4222240012176703
4222240012175770
4222240012172538
4222240012178303
4222240012172504
4222240012178683
4222240012173643
4222240012171100
4222240012175143
4222240012170482
4222240012171472
4222240012174427
4222240012173577
4222240012172181
4222240012177586
4222240012177248
4222240012172645
4222240012172660
4222240012176430
4222240012170680
4222240012178410
4222240012175135
4222240012175226
4222240012170615
4222240012178212
4222240012170516
4222240012171803
4222240012174633
4222240012170334
4222240012175366
4222240012174864
4222240012172611
4222240012176604
4222240012174781
4222240012171084
4222240012172744
4222240012170250
4222240012176018
4222240012176240
4222240012176323
4222240012175523
4222240012177172
4222240012175507
4222240012177610
4222240012175713
4222240012170151
4222240012174856
4222240012173338
4222240012174062
4222240012176356
4222240012170805
4222240012177727
4222240012173171
4222240012171381
4222240012174658
4222240012172736
4222240012176414
4222240012171142
4222240012173767
4222240012177362
4222240012177164
4222240012170433
4222240012174708
4222240012171050
4222240012173221
4222240012172363
4222240012177644
4222240012178287
4222240012175820
4222240012176786
4222240012173361
4222240012172728
4222240012178824
4222240012178451
4222240012175077
4222240012170318
4222240012171837
4222240012172074
4222240012177875
4222240012177735
4222240012170300
4222240012172421
4222240012176802
4222240012170086
4222240012178881
4222240012178840
4222240012176885
4222240012177446
4222240012178865
4222240012172033
4222240012176364
4222240012176307
4222240012170367
4222240012176331
4222240012178253
4222240012177230
4222240012178246
4222240012174815
4222240012176711
4222240012176372
4222240012174500
4222240012170672
4222240012173601
4222240012170714
4222240012178022
4222240012176026
4222240012176513
4222240012176406
4222240012174518
4222240012171027
4222240012178204
4222240012171324
4222240012171431
4222240012175630
4222240012177081
4222240012178352
4222240012170474
4222240012178162
4222240012173106
4222240012170813
4222240012177206
4222240012171555
4222240012177438
4222240012173684
4222240012172843
4222240012174831
4222240012177776
4222240012177404
4222240012175457
4222240012174005
4222240012175358
4222240012175283
4222240012177347
4222240012176810
4222240012173627
4222240012177511
4222240012174245
4222240012176851
4222240012178147
4222240012172355
4222240012173387
4222240012171241
4222240012174807
4222240012176125
4222240012176554
4222240012176141
4222240012170706
4222240012170136
4222240012170540
4222240012173700
4222240012174203
4222240012173841
4222240012172884
4222240012175614
4222240012172801
4222240012170771
4222240012171308
4222240012175473
4222240012170730
4222240012171530
4222240012176448
4222240012174310
4222240012173734
4222240012174443
4222240012173072
4222240012178568
4222240012178105
4222240012173015
4222240012175382
4222240012177537
4222240012176133
4222240012175580
4222240012178626
4222240012170268
4222240012171886
4222240012178873
4222240012178402
4222240012176588
4222240012176208
4222240012172587
4222240012170557
4222240012175804
4222240012174351
4222240012177180
4222240012176836
4222240012177636
4222240012170870
4222240012174534
4222240012177883
4222240012176505
4222240012170821
4222240012176877
4222240012171613
4222240012177263
4222240012175747
4222240012176778
4222240012175325
4222240012177123
4222240012173585
4222240012176687
4222240012178766
4222240012171860
4222240012170508
4222240012171605
4222240012172041
4222240012173007
4222240012171522
4222240012173437
4222240012178188
4222240012178220
4222240012172280
4222240012174344
4222240012171647
4222240012178485
4222240012173346
4222240012175424
4222240012177131
4222240012175606
4222240012176224
4222240012177313
4222240012176638
4222240012175127
4222240012170441
4222240012172512
4222240012170342
4222240012171340
4222240012173874
4222240012174617
4222240012175671
4222240012177107
4222240012175754
4222240012174641
4222240012170581
4222240012172306
4222240012170425
4222240012175234
4222240012177420
4222240012174021
4222240012171514
4222240012174526
4222240012178600
4222240012172561
4222240012170243
4222240012170045
4222240012173775
4222240012175788
4222240012173213
4222240012170326
4222240012170524
4222240012175515
4222240012173544
4222240012175531
4222240012170037
4222240012175200
4222240012173122
4222240012172827
4222240012171134
4222240012177073
4222240012176737
4222240012176265
4222240012177685
4222240012175176
4222240012175465
4222240012174146
4222240012175333
4222240012170664
4222240012175432
4222240012172108
4222240012178782
4222240012171654
4222240012171415
4222240012173031
4222240012177826
4222240012170847
4222240012173312
4222240012175408
4222240012174435
4222240012174567
4222240012172850
4222240012172157
4222240012178642
4222240012177552
4222240012171043
4222240012171753
4222240012171183
4222240012172173
4222240012177578
4222240012175481
4222240012171738
4222240012174724
4222240012174716
4222240012177370
4222240012172132
4222240012171563
4222240012176646
4222240012171274
4222240012170854
4222240012170722
4222240012174385
4222240012170144
4222240012173247
4222240012178360
4222240012170656
4222240012173130
4222240012177701
4222240012177065
4222240012173833
4222240012175341
4222240012171571
4222240012171720
4222240012175010
4222240012172652
4222240012173510
4222240012177842
4222240012171126
4222240012170102
4222240012170078
4222240012176034
4222240012174336
4222240012174377
4222240012174872
4222240012176562
4222240012177834
4222240012171233
4222240012175168
4222240012170383
4222240012172322
4222240012172876
4222240012173866
4222240012177453
4222240012174542
4222240012174666
4222240012172413
4222240012174823
4222240012173056
4222240012172223
4222240012173742
4222240012175002
4222240012177008
4222240012173460
4222240012172256
4222240012173080
4222240012177024
4222240012178055
4222240012175374
4222240012174328
4222240012173668
4222240012172553
4222240012177651
4222240012172330
4222240012177750
4222240012174302
4222240012176380
4222240012170573
4222240012172470
4222240012178477
4222240012171035
4222240012175572
4222240012172140
4222240012170011
4222240012170128
4222240012178832
4222240012174138
4222240012176000
4222240012173353
4222240012178444
4222240012176828
4222240012175267
4222240012175663
4222240012172777
4222240012170417
4222240012173502
4222240012175218
4222240012174765
4222240012177768
4222240012177115
4222240012178527
4222240012172272
4222240012174682
4222240012176463
4222240012171407
4222240012170177
4222240012174757
4222240012170755
4222240012173064
4222240012173411
4222240012174153
4222240012178170
4222240012174088
4222240012178261
4222240012173155
4222240012175846
4222240012178543
4222240012174468
4222240012174880
4222240012176760
4222240012175556
4222240012171282
4222240012175705
4222240012177255
4222240012174120
4222240012174278
4222240012170201
4222240012175028
4222240012170748
4222240012172348
4222240012172751
4222240012177545
4222240012172785
4222240012171357
4222240012176083
4222240012177040
4222240012176752
4222240012176273
4222240012177560
4222240012173270
4222240012176174
4222240012175721
4222240012178311
4222240012173262
4222240012172215
4222240012177156
4222240012175051
4222240012178535
4222240012171506
4222240012177628
4222240012178030
4222240012173726
4222240012174286
4222240012171167
4222240012177412
4222240012173403
4222240012175861
4222240012175150
4222240012174161
4222240012176745
4222240012176570
4222240012170003
4222240012174740
4222240012178634
4222240012172371
4222240012177602
4222240012173114
4222240012177818
4222240012176612
4222240012171704
4222240012174112
4222240012176547
4222240012176455
4222240012175184
4222240012171258
4222240012176075
4222240012172066
4222240012171118
4222240012178063
4222240012176216
4222240012174187
4222240012178808
4222240012176182
4222240012172678
4222240012170466
4222240012174450
4222240012170276
4222240012173023
4222240012178816
4222240012172637
4222240012172868
4222240012173163
4222240012175044
4222240012178584
4222240012171787
4222240012172462
4222240012175887
4222240012170060
4222240012172546
4222240012174013
4222240012176661
4222240012171225
4222240012175622
4222240012172082
4222240012178758
4222240012172488
4222240012178386
4222240012171332
4222240012172447
4222240012171670
4222240012174674
4222240012174070
4222240012178337
4222240012173148
4222240012177487
4222240012171662
4222240012170565
4222240012178550
4222240012174732
4222240012177354
4222240012173858
4222240012178345
4222240012173783
4222240012176521
4222240012177743
4222240012171365
4222240012176042
4222240012172017
4222240012173817
4222240012175416
4222240012176620
4222240012177800
4222240012178121
4222240012174476
4222240012178725
4222240012178774
4222240012171464
4222240012172207
4222240012177867
4222240012174237
4222240012175564
4222240012177321
4222240012171373
4222240012174252
4222240012172710
4222240012172686
4222240012172405
4222240012172264
4222240012174104
4222240012177388
4222240012171001
4222240012170631
4222240012177305
4222240012178048
4222240012178436
4222240012176158
4222240012172058
4222240012173486
4222240012176067
4222240012170763
4222240012174211
4222240012175853
4222240012176257
4222240012178675
4222240012177503
4222240012172603
4222240012178667
4222240012175036
4222240012176232
4222240012175317
4222240012171548
4222240012174047
4222240012173304
4222240012171175
4222240012171852
4222240012175648
4222240012172835
4222240012171688
4222240012170458
4222240012175085
4222240012173320
4222240012174625
4222240012178576
4222240010773808
4222240010777072
4222240010776470
4222240010772511
4222240010770531
4222240010772420
4222240010770358
4222240010771513
4222240010778757
4222240010777387
4222240010776280
4222240010775605
4222240010777478
4222240010773782
4222240010775860
4222240010775811
4222240010774228
4222240010778666
4222240010770788
4222240010777734
4222240010775340
4222240010771166
4222240010772370
4222240010775316
4222240010778864
4222240010775662
4222240010773238
4222240010773626
4222240010771018
4222240010773477
4222240010770234
4222240010770606
4222240010773147
4222240010772685
4222240010776165
4222240010775035
4222240010778005
4222240010777346
4222240010773717
4222240010771158
4222240010778070
4222240010773485
4222240010776272
4222240010777015
4222240010775613
4222240010778435
4222240010773212
4222240010776256
4222240010774236
4222240010772313
4222240010778518
4222240010770374
4222240010772222
4222240010774160
4222240010770481
4222240010770523
4222240010773188
4222240010777874
4222240010771216
4222240010774764
4222240010777627
4222240010774251
4222240010778575
4222240010774541
4222240010770630
4222240010775274
4222240010775266
4222240010772800
4222240010770648
4222240010777353
4222240010778823
4222240010778633
4222240010776611
4222240010776488
4222240010776066
4222240010776306
4222240010776702
4222240010775548
4222240010771612
4222240010775365
4222240010777601
4222240010776835
4222240010775332
4222240010774111
4222240010773725
4222240010778443
4222240010778542
4222240010773634
4222240010777536
4222240010774046
4222240010774673
4222240010773865
4222240010774756
4222240010774178
4222240010771703
4222240010775670
4222240010776173
4222240010777684
4222240010778781
4222240010778302
4222240010772438
4222240010777148
4222240010771224
4222240010777221
4222240010777320
4222240010778732
4222240010773444
4222240010775837
4222240010778278
4222240010774418
4222240010772651
4222240010771851
4222240010770820
4222240010776710
4222240010771547
4222240010776223
4222240010772636
4222240010773162
4222240010770218
4222240010774137
4222240010774558
4222240010775027
4222240010772727
4222240010771752
4222240010774368
4222240010770515
4222240010775167
4222240010771414
4222240010773683
4222240010770317
4222240010771455
4222240010778567
4222240010775647
4222240010771463
4222240010772867
4222240010772487
4222240010771562
4222240010775464
4222240010774731
4222240010770705
4222240010771661
4222240010775431
4222240010777437
4222240010775878
4222240010778484
4222240010771042
4222240010774772
4222240010774657
4222240010770846
4222240010774434
4222240010770283
4222240010770028
4222240010776264
4222240010777841
4222240010774152
4222240010772354
4222240010775381
4222240010777858
4222240010773246
4222240010772578
4222240010772628
4222240010770267
4222240010774715
4222240010774848
4222240010771026
4222240010770440
4222240010771083
4222240010775845
4222240010773402
4222240010776512
4222240010775514
4222240010773030
4222240010771646
4222240010771471
4222240010778211
4222240010778054
4222240010776850
4222240010773584
4222240010776785
4222240010776538
4222240010772750
4222240010774442
4222240010773063
4222240010776546
4222240010773758
4222240010778187
4222240010777080
4222240010772677
4222240010775571
4222240010775738
4222240010777577
4222240010776504
4222240010774467
4222240010770812
4222240010771117
4222240010777817
4222240010778807
4222240010778831
4222240010778708
4222240010773576
4222240010770382
4222240010773832
4222240010773501
4222240010778021
4222240010776660
4222240010778344
4222240010778856
4222240010774855
4222240010770754
4222240010773873
4222240010773303
4222240010774103
4222240010772586
4222240010773535
4222240010775282
4222240010777312
4222240010775415
4222240010778377
4222240010778427
4222240010771075
4222240010775746
4222240010771844
4222240010778880
4222240010771760
4222240010775118
4222240010770721
4222240010773170
4222240010774780
4222240010771737
4222240010771257
4222240010776033
4222240010773287
4222240010770770
4222240010770135
4222240010777106
4222240010774335
4222240010774574
4222240010775720
4222240010773600
4222240010771141
4222240010773667
4222240010776074
4222240010770853
4222240010772701
4222240010772453
4222240010773014
4222240010771323
4222240010776082
4222240010778724
4222240010778310
4222240010770580
4222240010778286
4222240010775183
4222240010770010
4222240010776777
4222240010777502
4222240010770341
4222240010776561
4222240010774186
4222240010771281
4222240010775621
4222240010774723
4222240010772735
4222240010775555
4222240010774384
4222240010776017
4222240010777544
4222240010773550
4222240010771570
4222240010774640
4222240010772776
4222240010777213
4222240010771505
4222240010774376
4222240010772107
4222240010770325
4222240010774608
4222240010778740
4222240010773824
4222240010774475
4222240010771240
4222240010778328
4222240010777304
4222240010776462
4222240010778716
4222240010771687
4222240010773337
4222240010776876
4222240010778112
4222240010772008
4222240010777361
4222240010773311
4222240010774566
4222240010774244
4222240010777825
4222240010772834
4222240010773642
4222240010778625
4222240010775324
4222240010774202
4222240010774616
4222240010774665
4222240010770507
4222240010776884
4222240010775803
4222240010778138
4222240010778815
4222240010776736
4222240010777726
4222240010770838
4222240010778641
4222240010776868
4222240010778682
4222240010777155
4222240010773881
4222240010770333
4222240010775050
4222240010776132
4222240010772032
4222240010777031
4222240010776678
4222240010770242
4222240010772156
4222240010777023
4222240010775217
4222240010774277
4222240010776231
4222240010776108
4222240010776728
4222240010771307
4222240010775100
4222240010771521
4222240010777650
4222240010773774
4222240010778104
4222240010775373
4222240010772347
4222240010778351
4222240010775654
4222240010778237
4222240010777288
4222240010775787
4222240010774517
4222240010775258
4222240010774830
4222240010773055
4222240010776454
4222240010776363
4222240010771620
4222240010773766
4222240010775522
4222240010777676
4222240010777767
4222240010775142
4222240010773071
4222240010774806
4222240010778260
4222240010772842
4222240010772768
4222240010777411
4222240010774863
4222240010772552
4222240010773428
4222240010770614
4222240010775456
4222240010770366
4222240010773006
4222240010771133
4222240010773204
4222240010777130
4222240010771406
4222240010777114
4222240010775472
4222240010771448
4222240010770143
4222240010775134
4222240010777171
4222240010778088
4222240010778583
4222240010774210
4222240010778252
4222240010774004
4222240010772206
4222240010774426
4222240010774053
4222240010777338
4222240010771422
4222240010770424
4222240010771885
4222240010778146
4222240010775126
4222240010772024
4222240010773410
4222240010776637
4222240010778476
4222240010777163
4222240010771265
4222240010774087
4222240010774632
4222240010778153
4222240010775407
4222240010777635
4222240010776751
4222240010773360
4222240010776124
4222240010770804
4222240010771232
4222240010772602
4222240010778872
4222240010777205
4222240010772164
4222240010771430
4222240010773675
4222240010771745
4222240010778161
4222240010772412
4222240010772081
4222240010773741
4222240010770556
4222240010775712
4222240010778534
4222240010778658
4222240010776207
4222240010770713
4222240010771778
4222240010777882
4222240010773733
4222240010770051
4222240010776447
4222240010771786
4222240010775704
4222240010775761
4222240010773113
4222240010771711
4222240010774020
4222240010776116
4222240010773220
4222240010776405
4222240010771554
4222240010774483
4222240010776215
4222240010778047
4222240010775043
4222240010773261
4222240010772230
4222240010770887
4222240010774814
4222240010773527
4222240010770655
4222240010775753
4222240010770275
4222240010774400
4222240010774285
4222240010771653
4222240010776025
4222240010775688
4222240010773618
4222240010775175
4222240010774343
4222240010770762
4222240010775308
4222240010772784
4222240010770184
4222240010771000
4222240010772057
4222240010771067
4222240010776827
4222240010778385
4222240010773022
4222240010773543
4222240010771836
4222240010776140
4222240010772743
4222240010776520
4222240010771828
4222240010774681
4222240010772065
4222240010774871
4222240010778401
4222240010778120
4222240010770168
4222240010776355
4222240010776843
4222240010776348
4222240010770416
4222240010775852
4222240010777254
4222240010772040
4222240010770036
4222240010771182
4222240010771638
4222240010776587
4222240010770663
4222240010772388
4222240010776603
4222240010773154
4222240010773436
4222240010777742
4222240010774582
4222240010774145
4222240010776652
4222240010776553
4222240010770408
4222240010775076
4222240010772875
4222240010777700
4222240010778203
4222240010778526
4222240010776744
4222240010776645
4222240010772172
4222240010775480
4222240010778765
4222240010772503
4222240010776686
4222240010776322
4222240010775241
4222240010771364
4222240010772446
4222240010770572
4222240010772131
4222240010770150
4222240010772818
4222240010771315
4222240010770200
4222240010774707
4222240010778468
4222240010775530
4222240010772123
4222240010773121
4222240010775506
4222240010774822
4222240010775563
4222240010772073
4222240010774533
4222240010777403
4222240010777270
4222240010770044
4222240010771034
4222240010775886
4222240010774624
4222240010771810
4222240010777247
4222240010778500
4222240010772248
4222240010777866
4222240010776801
4222240010772545
4222240010771273
4222240010773352
4222240010771174
4222240010777551
4222240010777643
4222240010770226
4222240010774350
4222240010778450
4222240010771356
4222240010772404
4222240010774327
4222240010776314
4222240010772016
4222240010770432
4222240010772214
4222240010777262
4222240010773857
4222240010770085
4222240010775423
4222240010776330
4222240010772610
4222240010773253
4222240010772255
4222240010776413
4222240010771372
4222240010772362
4222240010777510
4222240010777460
4222240010770077
4222240010774525
4222240010775233
4222240010770622
4222240010777528
4222240010773105
4222240010777452
4222240010773386
4222240010776157
4222240010771877
4222240010776421
4222240010777056
4222240010770671
4222240010771380
4222240010770747
4222240010778617
4222240010773816
4222240010771802
4222240010778674
4222240010771208
4222240010773378
4222240010774012
4222240010772271
4222240010776181
4222240010772321
4222240010778336
4222240010770002
4222240010772305
4222240010770564
4222240010773345
4222240010773451
4222240010777585
4222240010772560
4222240010772461
4222240010777833
4222240010772826
4222240010777668
4222240010774038
4222240010777445
4222240010772537
4222240010770176
4222240010770127
4222240010770861
4222240010778245
4222240010778773
4222240010771125
4222240010775084
4222240010771604
4222240010777783
4222240010775225
4222240010777122
4222240010778062
4222240010775357
4222240010777775
4222240010777718
4222240010775001
4222240010772115
4222240010770101
4222240010772644
4222240010775068
4222240010778013
4222240010776041
4222240010773840
4222240010776058
4222240010773048
4222240010772180
4222240010773568
4222240010771588
4222240010771331
4222240010777486
4222240010770473
4222240010776371
4222240010777007
4222240010774301
4222240010777064
4222240010774061
4222240010770465
4222240010772883
4222240010770457
4222240010772263
4222240011577315
4222240011575863
4222240011577067
4222240011575632
4222240011576572
4222240011571318
4222240011574262
4222240011577786
4222240011570781
4222240011577331
4222240011573256
4222240011574403
4222240011574528
4222240011576333
4222240011570831
4222240011572324
4222240011577828
4222240011571128
4222240011571136
4222240011570252
4222240011571813
4222240011575103
4222240011572787
4222240011574015
4222240011571532
4222240011572571
4222240011572506
4222240011573314
4222240011570047
4222240011574411
4222240011570351
4222240011572332
4222240011575855
4222240011571730
4222240011574320
4222240011573488
4222240011577588
4222240011570476
4222240011577844
4222240011577166
4222240011578735
4222240011574056
4222240011577380
4222240011578024
4222240011573124
4222240011575228
4222240011571615
4222240011576150
4222240011576804
4222240011570484
4222240011578750
4222240011577505
4222240011578412
4222240011576648
4222240011570286
4222240011576424
4222240011575434
4222240011570443
4222240011574577
4222240011573835
4222240011576101
4222240011575327
4222240011578388
4222240011571011
4222240011575004
4222240011575012
4222240011575343
4222240011578057
4222240011571086
4222240011577240
4222240011570641
4222240011576432
4222240011577810
4222240011575442
4222240011577323
4222240011571706
4222240011574783
4222240011574734
4222240011578420
4222240011572878
4222240011573868
4222240011572480
4222240011571771
4222240011576531
4222240011577778
4222240011578008
4222240011574726
4222240011574130
4222240011572050
4222240011577141
4222240011575020
4222240011571326
4222240011570500
4222240011576663
4222240011574023
4222240011572464
4222240011577836
4222240011576747
4222240011570260
4222240011577257
4222240011578362
4222240011578321
4222240011577117
4222240011572456
4222240011572035
4222240011575517
4222240011578511
4222240011571201
4222240011577760
4222240011570203
4222240011577430
4222240011571144
4222240011574122
4222240011572837
4222240011572654
4222240011575673
4222240011573025
4222240011570625
4222240011570773
4222240011574478
4222240011570658
4222240011577026
4222240011577133
4222240011574171
4222240011578313
4222240011573553
4222240011575053
4222240011571342
4222240011572100
4222240011574627
4222240011571243
4222240011573108
4222240011577513
4222240011570864
4222240011576226
4222240011572308
4222240011571060
4222240011571235
4222240011574312
4222240011578172
4222240011576077
4222240011573777
4222240011574676
4222240011578685
4222240011574114
4222240011570674
4222240011571052
4222240011573728
4222240011575210
4222240011572811
4222240011570211
4222240011576721
4222240011577224
4222240011578438
4222240011576606
4222240011577737
4222240011570856
4222240011572084
4222240011571482
4222240011577463
4222240011571854
4222240011572316
4222240011573272
4222240011573652
4222240011570104
4222240011571367
4222240011574031
4222240011570518
4222240011573744
4222240011570062
4222240011570021
4222240011578578
4222240011575533
4222240011573462
4222240011578636
4222240011576176
4222240011571631
4222240011570716
4222240011577554
4222240011573702
4222240011573454
4222240011578875
4222240011572704
4222240011576507
4222240011578016
4222240011575418
4222240011573470
4222240011575236
4222240011570708
4222240011576820
4222240011574502
4222240011570054
4222240011570815
4222240011570013
4222240011571177
4222240011570583
4222240011577281
4222240011576838
4222240011578610
4222240011573611
4222240011571037
4222240011574858
4222240011573223
4222240011575335
4222240011571805
4222240011573405
4222240011570617
4222240011578628
4222240011573074
4222240011576143
4222240011573280
4222240011576770
4222240011572803
4222240011574742
4222240011572753
4222240011576044
4222240011572373
4222240011577547
4222240011573561
4222240011571847
4222240011576762
4222240011572043
4222240011571508
4222240011573637
4222240011578107
4222240011575137
4222240011577745
4222240011574601
4222240011573264
4222240011575822
4222240011570526
4222240011571417
4222240011572126
4222240011574718
4222240011570088
4222240011575657
4222240011576283
4222240011577885
4222240011578115
4222240011571045
4222240011573843
4222240011576713
4222240011571276
4222240011577570
4222240011578776
4222240011574155
4222240011577422
4222240011571722
4222240011575160
4222240011571623
4222240011577000
4222240011578446
4222240011575848
4222240011575301
4222240011574080
4222240011575061
4222240011571763
4222240011578842
4222240011573587
4222240011570377
4222240011575665
4222240011573355
4222240011576705
4222240011575145
4222240011577034
4222240011570682
4222240011573306
4222240011576614
4222240011573371
4222240011576374
4222240011574551
4222240011578461
4222240011570880
4222240011574650
4222240011574007
4222240011574825
4222240011578305
4222240011570468
4222240011571433
4222240011573710
4222240011575608
4222240011573181
4222240011572514
4222240011572076
4222240011578180
4222240011571441
4222240011571607
4222240011572670
4222240011573884
4222240011577216
4222240011577646
4222240011574213
4222240011573785
4222240011578560
4222240011575541
4222240011574353
4222240011571557
4222240011578081
4222240011572282
4222240011576325
4222240011572167
4222240011570161
4222240011575426
4222240011576580
4222240011574163
4222240011578487
4222240011570435
4222240011577471
4222240011576275
4222240011574247
4222240011577042
4222240011571581
4222240011576887
4222240011572852
4222240011577877
4222240011573116
4222240011573645
4222240011573512
4222240011576127
4222240011575558
4222240011575574
4222240011572407
4222240011575806
4222240011575277
4222240011577653
4222240011570385
4222240011578073
4222240011571862
4222240011575814
4222240011576382
4222240011572431
4222240011571680
4222240011570724
4222240011573751
4222240011574668
4222240011574874
4222240011574205
4222240011571664
4222240011571870
4222240011574288
4222240011575202
4222240011573520
4222240011573330
4222240011575582
4222240011576135
4222240011578032
4222240011570633
4222240011571185
4222240011578552
4222240011577083
4222240011573041
4222240011578040
4222240011577752
4222240011573736
4222240011577638
4222240011577265
4222240011571888
4222240011571524
4222240011573850
4222240011574585
4222240011575038
4222240011574072
4222240011577364
4222240011578347
4222240011574635
4222240011570278
4222240011578743
4222240011572738
4222240011576234
4222240011575475
4222240011570807
4222240011571466
4222240011578800
4222240011573876
4222240011573322
4222240011571821
4222240011578156
4222240011575186
4222240011573207
4222240011576358
4222240011570070
4222240011574841
4222240011571268
4222240011571672
4222240011573033
4222240011572522
4222240011572415
4222240011578131
4222240011577448
4222240011577620
4222240011570542
4222240011575764
4222240011572175
4222240011578503
4222240011570740
4222240011576846
4222240011575566
4222240011575723
4222240011578784
4222240011574346
4222240011577414
4222240011578537
4222240011574437
4222240011571375
4222240011576481
4222240011575251
4222240011572068
4222240011576515
4222240011574254
4222240011572225
4222240011577018
4222240011578206
4222240011572357
4222240011574775
4222240011575244
4222240011571078
4222240011571714
4222240011573348
4222240011572647
4222240011575616
4222240011577125
4222240011570872
4222240011573132
4222240011576465
4222240011572233
4222240011572423
4222240011573173
4222240011572563
4222240011577687
4222240011578230
4222240011576556
4222240011576036
4222240011572472
4222240011570344
4222240011577661
4222240011577802
4222240011573215
4222240011573140
4222240011577158
4222240011572258
4222240011572662
4222240011571151
4222240011578701
4222240011577174
4222240011574536
4222240011576564
4222240011575640
4222240011578248
4222240011577232
4222240011570328
4222240011573157
4222240011573421
4222240011578164
4222240011574387
4222240011575467
4222240011574452
4222240011572027
4222240011573546
4222240011578826
4222240011570427
4222240011575152
4222240011576028
4222240011570534
4222240011578354
4222240011572886
4222240011573165
4222240011578214
4222240011573801
4222240011573082
4222240011578222
4222240011572241
4222240011574270
4222240011570120
4222240011573017
4222240011570146
4222240011578586
4222240011578370
4222240011574767
4222240011571516
4222240011577612
4222240011572605
4222240011577521
4222240011572217
4222240011574148
4222240011573678
4222240011576267
4222240011578677
4222240011577182
4222240011570302
4222240011575400
4222240011570187
4222240011572365
4222240011575525
4222240011575780
4222240011570112
4222240011572712
4222240011576184
4222240011576366
4222240011572142
4222240011572530
4222240011571565
4222240011575350
4222240011575681
4222240011571003
4222240011572001
4222240011578867
4222240011578453
4222240011575830
4222240011570567
4222240011570401
4222240011570757
4222240011571227
4222240011574486
4222240011577604
4222240011573603
4222240011576010
4222240011574445
4222240011578768
4222240011576341
4222240011576473
4222240011577372
4222240011572548
4222240011574106
4222240011570138
4222240011573827
4222240011572381
4222240011573413
4222240011576168
4222240011576655
4222240011578263
4222240011576002
4222240011574064
4222240011577356
4222240011576416
4222240011570153
4222240011572183
4222240011572720
4222240011574510
4222240011571474
4222240011572761
4222240011570732
4222240011571102
4222240011575376
4222240011572688
4222240011578271
4222240011572860
4222240011575046
4222240011577562
4222240011573504
4222240011571458
4222240011576754
4222240011571334
4222240011570336
4222240011573660
4222240011570666
4222240011576242
4222240011572134
4222240011578644
4222240011570310
4222240011573686
4222240011575756
4222240011572274
4222240011576317
4222240011571755
4222240011573447
4222240011574221
4222240011574361
4222240011573363
4222240011577307
4222240011570005
4222240011574882
4222240011576457
4222240011574817
4222240011575111
4222240011574338
4222240011573058
4222240011576812
4222240011570823
4222240011577455
4222240011574684
4222240011570237
4222240011572621
4222240011572555
4222240011575384
4222240011575483
4222240011571110
4222240011571300
4222240011574700
4222240011575368
4222240011578883
4222240011572340
4222240011578123
4222240011576200
4222240011572613
4222240011574544
4222240011570765
4222240011576671
4222240011575285
4222240011576622
4222240011576440
4222240011576861
4222240011573538
4222240011578727
4222240011575731
4222240011577711
4222240011576085
4222240011570575
4222240011571540
4222240011573066
4222240011575772
4222240011576523
4222240011572746
4222240011577406
4222240011578818
4222240011577703
4222240011574460
4222240011574304
4222240011576630
4222240011574866
4222240011571284
4222240011576853
4222240011570245
4222240011571573
4222240011578545
4222240011575707
4222240011578834
4222240011575624
4222240011577208
4222240011576218
4222240011575178
4222240011571748
4222240011571250
4222240011575087
4222240011578602
4222240011571656
4222240011573231
4222240011578651
4222240011574833
4222240011578255
4222240011571383
4222240011576788
4222240011578404
4222240011577851
4222240011570450
4222240011576051
4222240011577273
4222240011576408
4222240011578065
4222240011571425
4222240011575871
4222240011577075
4222240011572118
4222240011575715
4222240011572845
4222240011572266
4222240011574643
4222240012576605
4222240012577330
4222240012573446
4222240012578734
4222240012572877
4222240012570632
4222240012571507
4222240012576126
4222240012577157
4222240012573883
4222240012573206
4222240012574824
4222240012571614
4222240012574360
4222240012577785
4222240012575615
4222240012570004
4222240012572414
4222240012573552
4222240012576522
4222240012573115
4222240012578247
4222240012570152
4222240012570608
4222240012573305
4222240012578452
4222240012577116
4222240012572570
4222240012571812
4222240012575854
4222240012573768
4222240012570053
4222240012574535
4222240012576217
4222240012577363
4222240012573404
4222240012573727
4222240012572851
4222240012576050
4222240012578213
4222240012578684
4222240012577181
4222240012574337
4222240012571424
4222240012574238
4222240012571143
4222240012570780
4222240012576373
4222240012575060
4222240012577504
4222240012576167
4222240012576142
4222240012575037
4222240012570038
4222240012573131
4222240012574642
4222240012577850
4222240012573321
4222240012574865
4222240012574386
4222240012572315
4222240012570848
4222240012576258
4222240012578155
4222240012577454
4222240012577165
4222240012578668
4222240012571770
4222240012570624
4222240012570210
4222240012571333
4222240012574402
4222240012571606
4222240012578304
4222240012574808
4222240012578502
4222240012573354
4222240012572554
4222240012577041
4222240012576886
4222240012578601
4222240012576720
4222240012570251
4222240012573271
4222240012575847
4222240012577736
4222240012576555
4222240012577777
4222240012570681
4222240012576381
4222240012573537
4222240012575565
4222240012571515
4222240012575078
4222240012574774
4222240012575276
4222240012575177
4222240012571077
4222240012577488
4222240012577835
4222240012573685
4222240012575375
4222240012576357
4222240012573701
4222240012576340
4222240012573545
4222240012570525
4222240012577561
4222240012571044
4222240012572745
4222240012578445
4222240012576225
4222240012572133
4222240012574378
4222240012576480
4222240012571788
4222240012570434
4222240012571481
4222240012573123
4222240012571101
4222240012575235
4222240012571200
4222240012571184
4222240012578346
4222240012570012
4222240012572810
4222240012575888
4222240012572885
4222240012575516
4222240012574113
4222240012572307
4222240012573156
4222240012571804
4222240012575003
4222240012575813
4222240012575318
4222240012574006
4222240012577231
4222240012578700
4222240012575672
4222240012576084
4222240012574055
4222240012573065
4222240012575540
4222240012572141
4222240012573362
4222240012572588
4222240012570640
4222240012570855
4222240012578361
4222240012575722
4222240012571127
4222240012573644
4222240012571838
4222240012578486
4222240012578643
4222240012571242
4222240012578262
4222240012570335
4222240012576100
4222240012575748
4222240012571457
4222240012570731
4222240012572505
4222240012573461
4222240012573610
4222240012574832
4222240012574030
4222240012576068
4222240012576043
4222240012571655
4222240012576837
4222240012572356
4222240012570285
4222240012571580
4222240012571176
4222240012576738
4222240012572216
4222240012577702
4222240012575433
4222240012570327
4222240012577207
4222240012574162
4222240012572018
4222240012578478
4222240012572000
4222240012575110
4222240012572448
4222240012578783
4222240012576746
4222240012578080
4222240012570046
4222240012578007
4222240012575102
4222240012571382
4222240012573776
4222240012572125
4222240012572034
4222240012578551
4222240012575466
4222240012578841
4222240012575730
4222240012573511
4222240012577652
4222240012574154
4222240012575011
4222240012577512
4222240012577728
4222240012576761
4222240012577074
4222240012572471
4222240012570558
4222240012576308
4222240012570087
4222240012574105
4222240012572513
4222240012570764
4222240012578353
4222240012573826
4222240012572463
4222240012575631
4222240012572547
4222240012574816
4222240012574733
4222240012578825
4222240012578270
4222240012574618
4222240012578403
4222240012570806
4222240012577421
4222240012573784
4222240012576670
4222240012570368
4222240012574345
4222240012573388
4222240012573628
4222240012572422
4222240012571010
4222240012573677
4222240012570202
4222240012574550
4222240012574485
4222240012572026
4222240012571051
4222240012571663
4222240012576431
4222240012578221
4222240012572711
4222240012573008
4222240012572380
4222240012575508
4222240012571416
4222240012573214
4222240012573230
4222240012576662
4222240012573016
4222240012570715
4222240012576852
4222240012570616
4222240012575417
4222240012574311
4222240012572265
4222240012573073
4222240012575425
4222240012577447
4222240012576175
4222240012570343
4222240012570541
4222240012578114
4222240012571531
4222240012570384
4222240012575250
4222240012576621
4222240012570822
4222240012577611
4222240012576464
4222240012576811
4222240012572455
4222240012570137
4222240012570665
4222240012577413
4222240012575474
4222240012576183
4222240012576365
4222240012577033
4222240012570061
4222240012576324
4222240012575763
4222240012573750
4222240012572273
4222240012572562
4222240012574634
4222240012574584
4222240012570566
4222240012576407
4222240012577108
4222240012571747
4222240012571283
4222240012577546
4222240012577801
4222240012574246
4222240012577686
4222240012575771
4222240012571358
4222240012573651
4222240012577280
4222240012571218
4222240012577843
4222240012571853
4222240012578205
4222240012577710
4222240012574188
4222240012575227
4222240012577462
4222240012572406
4222240012577678
4222240012571564
4222240012572737
4222240012571325
4222240012575755
4222240012574303
4222240012573172
4222240012577355
4222240012577140
4222240012570756
4222240012572364
4222240012576001
4222240012574410
4222240012570707
4222240012572612
4222240012575052
4222240012570830
4222240012572042
4222240012575128
4222240012574782
4222240012574568
4222240012578437
4222240012573578
4222240012573370
4222240012572232
4222240012577405
4222240012574261
4222240012578163
4222240012573057
4222240012574543
4222240012571523
4222240012576530
4222240012577470
4222240012577751
4222240012575300
4222240012572331
4222240012574212
4222240012572166
4222240012573842
4222240012572687
4222240012575045
4222240012573453
4222240012572257
4222240012572208
4222240012574873
4222240012576704
4222240012571648
4222240012575524
4222240012576688
4222240012575870
4222240012571036
4222240012578833
4222240012578106
4222240012573560
4222240012578577
4222240012570301
4222240012574840
4222240012572703
4222240012575185
4222240012574626
4222240012573081
4222240012578320
4222240012577272
4222240012573875
4222240012578767
4222240012575342
4222240012572224
4222240012577660
4222240012578650
4222240012574667
4222240012575821
4222240012576860
4222240012576506
4222240012577264
4222240012574204
4222240012571473
4222240012570426
4222240012570400
4222240012578072
4222240012571374
4222240012570467
4222240012571002
4222240012578312
4222240012574436
4222240012577538
4222240012577058
4222240012576753
4222240012571226
4222240012572182
4222240012571341
4222240012572836
4222240012574576
4222240012575805
4222240012573347
4222240012571622
4222240012576241
4222240012572372
4222240012577017
4222240012577876
4222240012577322
4222240012571820
4222240012575136
4222240012578064
4222240012575284
4222240012571721
4222240012573602
4222240012570673
4222240012578627
4222240012572323
4222240012578288
4222240012572752
4222240012575532
4222240012571713
4222240012574444
4222240012576613
4222240012570236
4222240012578635
4222240012576571
4222240012571440
4222240012570657
4222240012571234
4222240012575714
4222240012574220
4222240012577132
4222240012576118
4222240012576266
4222240012574683
4222240012573867
4222240012572844
4222240012574121
4222240012575201
4222240012572430
4222240012575243
4222240012576787
4222240012577306
4222240012575862
4222240012573180
4222240012570517
4222240012575607
4222240012572604
4222240012577256
4222240012570442
4222240012571135
4222240012577124
4222240012573818
4222240012570228
4222240012578726
4222240012578718
4222240012578510
4222240012573164
4222240012571168
4222240012571408
4222240012572117
4222240012577520
4222240012573800
4222240012575151
4222240012578528
4222240012575367
4222240012572281
4222240012572521
4222240012574022
4222240012573263
4222240012578882
4222240012572778
4222240012576027
4222240012573438
4222240012574766
4222240012577025
4222240012575573
4222240012576712
4222240012571028
4222240012570533
4222240012570244
4222240012578031
4222240012573040
4222240012578536
4222240012575334
4222240012576274
4222240012577066
4222240012574451
4222240012570111
4222240012574758
4222240012576316
4222240012576332
4222240012570772
4222240012572067
4222240012578742
4222240012578338
4222240012576654
4222240012574717
4222240012572083
4222240012574741
4222240012575326
4222240012576803
4222240012571150
4222240012576472
4222240012573032
4222240012577884
4222240012574063
4222240012577603
4222240012575441
4222240012578585
4222240012573834
4222240012574352
4222240012578254
4222240012577868
4222240012572802
4222240012576233
4222240012573222
4222240012578015
4222240012570814
4222240012571630
4222240012577215
4222240012573586
4222240012575680
4222240012577553
4222240012574253
4222240012572075
4222240012575557
4222240012572620
4222240012570145
4222240012576134
4222240012571556
4222240012570160
4222240012576415
4222240012571887
4222240012572661
4222240012577744
4222240012576035
4222240012578122
4222240012570574
4222240012572638
4222240012576647
4222240012576076
4222240012578411
4222240012574287
4222240012571762
4222240012574428
4222240012578171
4222240012574048
4222240012577637
4222240012570376
4222240012577587
4222240012575706
4222240012575458
4222240012572760
4222240012574675
4222240012571846
4222240012570418
4222240012571275
4222240012570582
4222240012571705
4222240012574071
4222240012573313
4222240012578858
4222240012573743
4222240012571861
4222240012571432
4222240012574881
4222240012575144
4222240012578460
4222240012573255
4222240012577827
4222240012574170
4222240012578544
4222240012571754
4222240012575656
4222240012578817
4222240012572646
4222240012578056
4222240012571366
4222240012573248
4222240012573107
4222240012572653
4222240012578775
4222240012570483
4222240012577223
4222240012578148
4222240012575664
4222240012575623
4222240012578130
4222240012570863
4222240012570020
4222240012571085
4222240012576845
4222240012572828
4222240012574147
4222240012570475
4222240012572174
4222240012577371
4222240012571317
4222240012573487
4222240012577645
4222240012576548
4222240012573735
4222240012577082
4222240012575482
4222240012570723
4222240012574501
4222240012573024
4222240012578676
4222240012575581
4222240012570103
4222240012574725
4222240012574600
4222240012573636
4222240012573412
4222240012572240
4222240012574477
4222240012578874
4222240012570871
4222240012573503
4222240012571572
4222240012576514
4222240012576456
4222240012577348
4222240012576423
4222240012576878
4222240012574014
4222240012575086
4222240012576563
4222240012576282
4222240012572786
4222240012578387
4222240012570277
4222240012570350
4222240012575383
4222240012573420
4222240012578866
4222240012574857
4222240012578023
4222240012577173
4222240012570178
4222240012571465
4222240012571267
4222240012574527
4222240012571671
4222240012577314
4222240012570186
4222240012575268
4222240012572158