4110930626086547
4110930626087578
4110930626082777
4110930626082546
4110930626081407
4110930626083882
4110930626087677
4110930626084856
4110930626083072
4110930626080706
4110930626086018
4110930626082801
4110930626085317
4110930626080888
4110930626088220
4110930626081787
4110930626086406
4110930626080151
4110930626083734
4110930626081126
4110930626081662
4110930626084237
4110930626085184
4110930626083023
4110930626081274
4110930626086661
4110930626087453
4110930626085184
4110930626084740
4110930626080813
4110930626085887
4110930626081381
4110930626081332
4110930626083320
4110930626084161
4110930626082553
4110930626083684
4110930626086380
4110930626084443
4110930626084203
4110930626083031
4110930626086471
4110930626087867
4110930626080102
4110930626085184
4110930626080375
4110930626085226
4110930626084476
4110930626080003
4110930626081183
4110930626085861
4110930626084567
4110930626087826
4110930626088311
4110930626085218
4110930626084021
4110930626086208
4110930626086620
4110930626080177
4110930626087784
4110930626087628
4110930626085838
4110930626085002
4110930626086885
4110930626082280
4110930626080441
4110930626082660
4110930626083361
4110930626081712
4110930626084583
4110930626083643
4110930626088105
4110930626083817
4110930626081282
4110930626081183
4110930626085283
4110930626081811
4110930626082157
4110930626087248
4110930626083627
4110930626085150
4110930626082546
4110930626084203
4110930626087222
4110930626083254
4110930626085333
4110930626084518
4110930626085457
4110930626088121
4110930626082710
4110930626088600
4110930626088147
4110930626080342
4110930626084716
4110930626081662
4110930626083361
4110930626081662
4110930626085648
4110930626080425
4110930626088683