4919098221337450
4919098221337112
4919098221335116
4919098221337732
4919098225716329
4919098221335322
4919098221337005
4919098221335272
4919098221335207
4919098221335553
4919098221334788
4919098221335140
4919098221334630
4919098221335579
4919098221335736
4919098221231653
4919098221232719
4919098221231018
4919098221232081
4919098221230770
4919098221232339
4919098221232487
4919098221230812
4919098221231075
4919098221230143
4919098221232446
4919098221230556
4919098221232354
4919098221230283
4919098221230416
4919098221232586
4919098221232115
4919098221231471
4919098221230382
4919098221230580
4919098221154806
4919098221153451
4919098221156553
4919098221157460
4919098221157619
4919098221157148
4919098221156751
4919098221156702
4919098221153659
4919098221153188
4919098221151885
4919098221156223
4919098221157163
4919098221153428
4919098221154541
4919098221158583
4919098221157072
4919098221153154
4919098221156538
4919098225722087
4919098221153873
4919098225723267
4919098221156058
4919098221153022
4919098225722210
4919098225722301
4919098221152875
4919098225721568
4919098221157205
4919098225721006
4919098225723358
4919098221156652
4919098221158237
4919098221156330
4919098221152453
4919098221157528
4919098221156728
4919098221154301
4919098221154129
4919098221156439
4919098221157353
4919098221157510
4919098221151638
4919098221157015
4919098221157478
4919098225721642
4919098221153600
4919098225721733
4919098225720024
4919098225720149
4919098225720628
4919098221156009
4919098225720032
4919098225722244
4919098221152016
4919098225721881
4919098221152719
4919098225721386
4919098225722855
4919098221157437
4919098225721352
4919098225723374
4919098225722772
4919098225721667
4919098221157783
4919098225722889
4919098221158740
4919098225722871
4919098221154202
4919098225720503
4919098221152461
4919098225720537
4919098221156785
4919098225721170
4919098225722863
4919098221128529
4919098225721378
4919098221126614
4919098221126242
4919098225722103
4919098221126457
4919098225722848
4919098221126648
4919098225720743
4919098221128719
4919098221126739
4919098225721709
4919098225723382
4919098221127042
4919098225721857
4919098225722277
4919098221126481
4919098225722665
4919098221128057
4919098225720370
4919098221126861
4919098225723184
4919098225720107
4919098225720487
4919098221126341
4919098225721535
4919098221126507
4919098225720123
4919098221126176
4919098221126630
4919098221127752
4919098221126226
4919098225751656
4919098221126200
4919098221126812
4919098225752068
4919098221128552
4919098221128065
4919098225750260
4919098225751375
4919098225751730
4919098221127679
4919098225752027
4919098221127471
4919098225751482
4919098221128347
4919098225750641
4919098225751607
4919098221126440
4919098225750021
4919098225752035
4919098221128354
4919098225751235
4919098225750179
4919098225751763
4919098225750682
4919098225751433
4919098225752159
4919098225752126
4919098221528132
4919098225750047
4919098221526011
4919098221525708
4919098225752258
4919098221527464
4919098225774039
4919098221525401
4919098225773437
4919098221527233
4919098221527407
4919098225773049
4919098221528231
4919098221527373
4919098225773171
4919098221526227
4919098225773452
4919098221526052
4919098221525641
4919098225773254
4919098225772546
4919098221526342
4919098225772306
4919098221525328
4919098225773643
4919098221525864
4919098221527324
4919098225772504
4919098221527134
4919098225772447
4919098221527613
4919098221527308
4919098225773551
4919098221527183
4919098221525682
4919098225774120
4919098221525757
4919098225775366
4919098221525880
4919098225773338
4919098225773163
4919098221527274
4919098225771803
4919098221712207
4919098221712082
4919098225772785
4919098221714369
4919098221713353
4919098225772173
4919098221714864
4919098225772678
4919098221714427
4919098225772702
4919098221712645
4919098221712058
4919098225783402
4919098221714831
4919098225780010
4919098221713569
4919098221715101
4919098221714781
4919098225782438
4919098221715382
4919098225783071
4919098225780580
4919098225780705
4919098221715655
4919098225782339
4919098221713338
4919098225783329
4919098221713577
4919098225782784
4919098221712561
4919098225782537
4919098221714716
4919098225782081
4919098225782883
4919098221712777
4919098225782461
4919098221714633
4919098225782354
4919098221713668
4919098225783048
4919098221712660
4919098225781851
4919098221713866
4919098225783360
4919098225783279
4919098225783147
4919098221588037
4919098225781000
4919098221588870
4919098225780374
4919098221587658
4919098225781034
4919098225781067
4919098221586841
4919098221588052
4919098225782305
4919098221587823
4919098225783022
4919098221588326
4919098225782727
4919098221588318
4919098221588417
4919098221588276
4919098225782875
4919098221588334
4919098225782750
4919098221588409
4919098225782842
4919098221588664
4919098225812243
4919098225812433
4919098221587831
4919098225815741
4919098225815238
4919098221160316
4919098221160480
4919098225814769
4919098221160043
4919098221162478
4919098225815618
4919098221162569
4919098221162007
4919098225811716
4919098221160241
4919098225815873
4919098221161157
4919098225814512
4919098221162171
4919098225815345
4919098225815816
4919098225813530
4919098225816111
4919098225814447
4919098225811633
4919098225813803
4919098225815303
4919098225815865
4919098225811641
4919098225815824
4919098225812763
4919098225812052
4919098225813738
4919098225815857
4919098225811674
4919098225813761
4919098225813332
4919098225815105
4919098225815139
4919098225815048
4919098225813662
4919098225814306
4919098225815477
4919098221160423
4919098225813654
4919098225813324
4919098225814421
4919098225813472
4919098221161884
4919098225813340
4919098225531405
4919098221161231
4919098225532528
4919098221162650
4919098221160407
4919098221162528
4919098225530274
4919098225530415
4919098225531504
4919098221162015
4919098221162783
4919098225531280
4919098221161678
4919098225531116
4919098221160274
4919098225533757
4919098221162312
4919098221162502
4919098225530084
4919098221160456
4919098225532205
4919098221160118
4919098225531520
4919098221162106
4919098225533740
4919098221161652
4919098225532213
4919098225532361
4919098221160100
4919098221160233
4919098225532148
4919098221161587
4919098225530720
4919098221162023
4919098225534482
4919098221160431
4919098225558713
4919098221160530
4919098221161504
4919098225558853
4919098221161488
4919098225558788
4919098221161702
4919098225558838
4919098225568126
4919098221160001
4919098225561774
4919098225566740
4919098221161629
4919098221160746
4919098225561303
4919098221776889
4919098225560016
4919098221777325
4919098221774587
4919098221777507
4919098225561121
4919098225567789
4919098225566849
4919098221776277
4919098221775881
4919098221777127
4919098221777101
4919098225561212
4919098221778547
4919098225560768
4919098221777184
4919098225562566
4919098225567730
4919098225561840
4919098225568365
4919098221777614
4919098225567243
4919098221777655
4919098225562814
4919098221774546
4919098225561543
4919098221775253
4919098225567102
4919098221777374
4919098225566674
4919098225567847
4919098221777010
4919098225562723
4919098225561709
4919098221775386
4919098221774702
4919098225561758
4919098221777358
4919098225561477
4919098225568761
4919098221776152
4919098225568043
4919098222811156
4919098225566781
4919098222811776
4919098225561576
4919098225568100
4919098225567474
4919098222813426
4919098225568589
4919098222812139
4919098222811677
4919098225562822
4919098222812659
4919098225561782
4919098225572128
4919098225572417
4919098225573530
4919098225571815
4919098225572656
4919098225572466
4919098225573514
4919098225572615
4919098225607189
4919098225604624
4919098225604160
4919098225603774
4919098225603584
4919098225604665
4919098225607346
4919098225603063
4919098225603766
4919098225608005
4919098225608435
4919098225605241
4919098225608468
4919098225606827
4919098225603485
4919098225604442
4919098225607171
4919098225607502
4919098225603386
4919098225607718
4919098225607783
4919098225605100
4919098225608302
4919098225607676
4919098225605076
4919098225605357
4919098225605167
4919098225605126
4919098225606538
4919098225606603
4919098225607213
