4919148317173721
4919148317171055
4919148317177433
4919148317173705
4919148317173036
4919148317177565
4919148317178605
4919148317175809
4919148317175072
4919148317171022
4919148317174448
4919148317174430
4919148317174257
4919148317175833
4919148317177425
4919148317173572
4919148317171006
4919148317174455
4919148317177581
4919148317171279
4919148317173747
4919148317174414
4919148317173523
4919148317171071
4919148317171063
4919148317174877
4919148317174885
4919148317215878
4919148317215415
4919148317215456
