42152945
46076960
45490051
07125399
21539543
46381661
10215617
10170618
07211427
46325018
70431838
41668343
46069991
29414826
23930906
40048302
10331046
07140368
40183060
43333072
10774518
07236489
47652942
71395543
44683428
45572518
44436240
42098994
10127139
46737097
41371508
70797116
70207759
43897030
42302103
40803858
41595703
43305972
32986959
10739146
47900155
10316892
46521305
71460870
45212304
40207122
40951429
45346740
44478336
40294734
45736197
02146322
08647569
70391495
40867438
72868985
40941554
40812744
29562687
10625082
47341591
29712801
46673841
42014181
42951314
45798410
44179719
46729391
10600882
41629540
42753067
47572849
43070756
71301849
45449695
29610643
44605382
72642427
40622410
42468994
47498325
06271399
70380065
73814366
71844228
46664340
70512523
32924757
29517417
08875029
42637194
43952710
10031887
10036147
47291698
44493269
45637156
46435108
70470077
70430973
47553371
42291077
44739572
70468831
47706318
07525390
45110873
46382703
10488822
25578188
41786316
47331666
70487769
47610430
43828968
45916113
43240274
47259823
72144777
44892065
42165812
45851196
42521187
74082181
44861912
44864416
45561398
43261005
70316072
43331775
46034020
45565176
43473240
73121737
46545630
18142609
42988336
47221724
43053682
46124740
45300728
06802458
48165641
10004594
47458727
74610603
19191148
45730727
21546877
45219543
41730625
41128743
72866414
06792842
43199986
72812363
07431217
44836055
47501888
41428849
06734905
10164467
19903285
46077947
26723977
42674737
42175820
17816351
47040927
45818569
44296086
43039734
23863313
08794804
44686225
70680131
41562877
44144780
47046305
46655568
70009050
06875112
70782670
45519871
22516617
46493529
47176285
20887859
42243882
44788714
40434361
42044840
10131509
72791336
72627904
42216115
26643223
45102345
41289698
40062886
47493768
45638255
29627902
41643126
09282774
45811102
47007005
41455308
19256132
43728753
42514259
44218951
42149027
24887594
43394184
70392427
71241886
73037144
70318867
42063847
09951233
02299567
48315793
72670677
41218890
45368398
10650913
09992845
40606771
71482102
41213067
70663545
26693656
29647414
29451521
70353486
09593742
00484722
41215739
45957310
18123426
47948496
42434671
43518845
18154547
08258232
09923135
70405819
40437820
08313406
10313864
70015118
10173118
41641729
29328926
45234853
44402844
42361609
43741624
40931436
45427756
44905633
70103495
40177270
40164664
08101945
29237985
73431168
09672076
29237985
10085090
16665221
45232988
01097808
47562400
10325050
44627878
43418270
32915403
10586030
07238166
41873678
72163371
48585620
43837214
40100126
43236402
43067029
41717946
07362643
08740629
08003715
07518248
43444906
47800504
06728735
09723231
70030566
40211233
42302000
45462866
43484058
10373534
41111441
44793776
47512613
25539717
46901879
43607612
41215559
47174459
46171558
46151667
44877588
29486116
43877160
70136783
16725697
48883306
22313867
46398286
70942668
46636532
40792958
42992412
09790508
45189069
00456036
45046730
45046730
46340506
29582728
44839688
44894126
40882621
40879392
33734178
40599886
43593816
47070499
46099060
15722292
44362846
40721809
47435207
45814502
29418248
43029756
40827367
10266762
71597834
44058535
44434751
42955782
40269965
45199197
48892912
45646801
29284050
41114781
70227056
42614860
44778078
42160212
16724607
07641145
73613391
73049442
41907841
41366671
00515295
28203412
40224183
42542511
48581310
41156134
03872424
06754783
42440970
10081581
45460848
07634711
25709947
40308365
09004027
10311897
70656360
41425281
41913447
08600754
47101671
72506264
42403809
45861313
41087167
43237558
46039395
41423798
43068118
43728557
40849853
40314474
45528380
43129288
70339989
46360124
46758868
42817325
43123583
07486102
42016231
46241385
40544966
42124840
09397380
44631724
09651809
04073069
45923238
70479295
43048587
46271615
06968833
29681024
18167700
29244578
46797239
07276563
40649787
42529600
43795932
46419849
46819284
44068086
44847043
40999808
46181347
42195190
44340839
44076358
09940841
45090179
44048518
71848549
44481428
07335845
44008935
44023818
43569450
48332564
46856168
41185462
43805685
44231459
48349309
43001005
20030388
40376723
44344313
40497081
47171076
47599000
42638659
72970659
07444316
43575442
44195978
32909727
70578765
44068806
44495619
20728111
46998903
18204642
19259564
44146806
45326139
20594673
41362296
41824818
41020098
45630479
45048902
46382719
22185393
45387182
41573908
73904677
45066020
09839411
40896297
47350803
10626008
43634785
43797902
47889572
44084628
47537399
46692481
41778012
45185504
10401099
41736347
44623932
10690877
44726067
41833741
10508693
08759344
10631625
44878803
47932332
46125230
73611994
08803332
08803332
44389665
44592302
43101630
40228519
07329768
10012215
25584622
09485822
07484408
43266932
07349216
02811187
08858331
46120503
07974345
10188199
22518567
70249906
47342693
25544767
06143529
70308478
70308478
06104204
10213783
70100198
07888078
10305479
43760184
72564866
10527822
74326711
40726838
25538770
09966937
47898671
73418738
15398738
07526236
47065308
46031377
41773421
46884613
29401978
07805114
28295083
25561781
15752018
26676779
47541444
42805110
10341701
41236297
43255043
45422496
46503758
41587515
74638362
70438476
06987051
72152838
48200387
45480704
46937241
41777438
41198705
41100586
46287800
00487661
16023221
71427871
46253029
29721927
46921210
40040496
72561559
45036836
71792328
46819909
71033441
43018812
32836884
75096749
02526933
43503436
23017790
45150000
74663184
47106994
45601312
43302591
42541745
43130004
20104625
42861860
43465021
41316357
42992276
42757220
23926931
07192996
44047730
06446059
09276523
42338216
41563588
22448849
45558510
42433604
42819191
09751435
47638604
46631224
42183150
73005275
40323279
41864344
09644888
43743531
43342937
09630805
40723835
41800625
42850214
45198214
18072592
43156641
43564919
43487551
42224931
42525873
29422203
43298805
76528464
41809306
70446686
41263035
44073034
42866140
10367527
44302432
40525475
43846526
10308051
45009241
46758082
43736855
40420947
70548719
44319288
43616303
10264333
47078445
21432544
46227745
40124996
42677865
72433087
29547595
72039826
45207019
22311135
71889774
40565264
40683176
74145597
44996288
09286889
09894690
44667783
72606591
07453500
47134004
41497004
42394814
70553605
43910871
72421312
44004933
48272576
28601267
09659001
70251485
10347655
45881452
46671457
45482554
09860684
46510680
41132092
10253589
43593537
21125445
43130318
46128560
45747752
03655059
47723253
25781835
41839171
42278553
10178737
06255061
15727170
47745235
72736466
72024316
46858001
09300601
46747671
15212130
46697979
40245452
40669984
42140941
47910114
45032132
20088398
45093867
71220012
29270554
45032978
42514638
73879459
44385829
46383146
44385829
07808926
41280172
47415117
00511980
41482048
47148334
46204382
46106785
06759638
42184001
47361594
45979977
40078151
08024855
44555891
03894188
21289613
40238282
46996709
44191564
46897468
16778486
10253896
08056820
09469635
45054421
09765202
45983115
09242308
41072927
22073539
47454558
40032819
46065443
22297947
25448252
41776473
70232518
70404280
70501389
72700583
43650646
06640543
70819314
40502831
18887806
43108860
40048311
42995896
43855340
42096316
07621771
46026150
40061891
70582323
43298693
72965701
70005219
09976861
43527901
29420771
46732070
44497192
43414908
47101819
43132243
46280795
10750557
04050252
32929804
25808119
40779828
44856558
73273841
41404392
46145471
06556295
71860116
42913646
42770546