4631796838023010
4631798425402615
4631792250153526
4631797301311205
4631794713327440
4631792672861318
4631793480627156
4631795182348460
4631796508732288
4631797556771426
4631794106016485
4631792528861777
4631798377317670
4631792454385288
4631792106701635
4631793516457263
4631794623538755
4631796415148487
4631798114174640
4631797448617225
4631794735344217
4631797564482321
4631796230024517
4631794860820528
4631798032246272
4631795685887725
4631794263312164
4631795342074360
4631793444637077
4631792755577625
4631793885387661
4631798308642535
4631792854721744
4631792552125800
4631797031201668
4631797717204358
4631790267177488
4631794350815574
4631794887520481
4631790726874600
4631791048207172
4631792447376766
4631795674516384
4631791720775686
4631793075665272
4631790736768206
4631796777423171
4631794651206366
4631793168641735
4631790580831670
4631796028446575
4631795740834118
4631796106461462
4631798764486823
4631791434850718
4631797207776261
4631796150887471
4631797220154645
4631795471658223
4631795313856258
4631794134004453
4631794562061801
4631796322881832
4631795404625166
4631796103366011
4631798140461771
4631790012874827
4631791013700466
4631793213036824
4631792208008624
4631793608531504
4631795632085357
4631790622852775
4631794377046278
4631796625317310
4631793183765725
4631791678847131
4631793532816880
4631792038345063
4631791633581502
4631795007428554
4631795674737485
4631796653253320
4631794503233857
4631793880528681
4631791607052084
4631791721218488
4631791784644703
4631790004743576
4631796723508414
4631796831170768
4631792022535208
4631791162536158
4631797602466021
4631791060575233
4631797748018546
4631790272230363
4631793713305315
4631795004701128
4631791263513023
4631792800757040
4631798324258316
4631795553443650
4631795718532785
4631794574103377
4631792742420418
4631792552033012
4631797576558233
4631791807473346
4631790752421185
4631793521256403
4631796862512748
4631792802300708
4631793178407127
4631792355611626
4631798630632170
4631797733605307
4631798100015104
4631790286635607
4631794883040005
4631790683236363
4631795673578013
4631791836255581
4631791581152058
4631798030224560
4631796137345866
4631795131703153
4631795556055881
4631798578471383
4631798658405277
4631797303050454
4631793262176166
4631792764272614
4631792085804624
4631798578046714
4631792502160782
4631796802115305
4631796871276871
4631796072848882
4631794635218784
4631796185821537
4631793438836040
4631794603030781
4631791447636484
4631797280226804
4631791887376732
4631792386630330
4631798158006120
4631793367535654
4631792104312724
4631797478378870
4631796176801837
4631793786324664
4631793665876313
4631796441661370
4631794372243623
4631795547753875
4631792757265765
4631794257583721
4631791342876847
4631795535727873
4631790150454010
4631792420671621
4631794638067774
4631794647682050
4631796033241144
4631793274221620
4631790753048706
4631794787558052
4631790871726621
4631796708142403
4631792117316100
4631796572232355
4631796545608764
4631795072823762
4631795883453510
4631791320032603
4631794583844102
4631793674517106
4631792056530828
4631791084645475
4631795672205683
4631795108351804
4631796461354120
4631795836708101
4631796233111634
4631796537317747
4631798063512873
4631797261452817
4631797755420650
4631794184881487
4631795181332317
4631797464835156
4631793032214271
4631790175858245
4631796560678411
4631798485581662
4631793211064661
4631794806062763
4631790377686063
4631792630468255
4631790451787373
4631795026780027
4631795186357582
4631798506314325
4631795824523751
4631792755840312
4631797261861686
4631790878120620
4631796113106845
4631797040155780
4631797762045615
4631796763361377
4631795072148558
4631792238223862
4631791060646877
4631795817502754
4631794752667185
4631790742577443
4631792262415178
4631794047021164
4631795273641500
4631791712135436
4631796674625605
4631790606547284
4631795374282386
4631791166212087
4631791771047654
4631792117711417
4631792547565607
4631795304837416
4631793338535114
4631790373421432
4631798364354066
4631798160307623
4631796340183054
4631798025402486
4631793677361338
4631797586132441
4631796858125430
4631797233063148
4631792574472701
4631791100043614
4631797376801783
4631790165601258
4631791685117155
4631796366506451
4631792204875208
4631796360206710
4631798026735447
4631792564175124
4631792626804323
4631792383047363
4631793008042672
4631798004061022
4631795480164510
4631793821156717
4631790160106246
4631792125716572
4631795740531326
4631796331815847
4631790631163750
4631790881766187
4631796560382576
4631794138385122
4631797457833143
4631793076865723
4631790663623036
4631798203273147
4631798041337815
4631792018260506
4631793566234828
4631798160827547
4631792073141823
4631797057657272
4631790521546213
4631795865013241
4631793006456114
4631793218243722
4631792587315582
4631792177436426
4631796237047487
4631798755607601
4631790211027110
4631795836805774
4631798606016325
4631793232075118
4631790420073418
4631793657067475
4631793012027248
4631797868138454
4631795638568356
4631797275546265
4631796547277378
4631792814248622
4631796205525860
4631790404682150
4631796277580538
4631796337348231
4631797847876208
4631798130802273
4631798041351535
4631795305155651
4631796501516050
4631798213503681
4631792235411056
4631791403356416
4631792445170120
4631794280037802
4631798037111075
4631790818703162
4631794161068488
4631794348834166
4631790588130828
4631794706288666
4631798542004385
4631790206647666
4631791457668823
4631795406455166
4631793278165120
4631794358165477
4631796416073650
4631797342425725
4631797877538280
4631796865333076
4631793183311181
4631798886157880
4631794641164055
4631790703307210
4631794361478875
4631790222168622
4631790557471476
4631793858477002
4631792261368048
4631791286014850
4631797013075676
4631794640837446
4631797515301760
4631792263768757
4631791352025418
4631795315427835
4631796817050380
4631795177255472
4631793071606288
4631796081166011
4631798744058742
4631796182473183
4631794380227337
4631796084681438
4631792445214563
4631794878602538
4631792761725804
4631798503402248
4631791072508602
4631795142580863
4631795524511361
4631792350000353
4631793212713506
4631790173617213
4631790114328631
4631794185871081
4631797436443782
4631797116301250
4631796634631834
4631790075658422
4631797164218364
4631791664424606
4631793222341702
4631795826202750
4631798643143538
4631795582145052
4631794230583632
4631792161527446
4631790447380150
4631792556313147
4631793174224666
4631797348414640
4631796380742157
4631797717484828
4631798230360065
4631792703271305
4631795725351005
4631795585555463
4631793568038714
4631796412280556
4631796104128626
4631796280637044
4631795107403606
4631793873633431
4631791536336442
4631794220644774
4631792411816763
4631794351308868
4631797612385682
4631791751412811
4631795582612838
4631791365583460
4631791845423410
4631796070575487
4631796632041705
4631792211603411
4631790820811011
4631797788053833
4631793777747204
4631791106203303
4631796011246438
4631798874775073
4631798841223850
4631798744258276
4631798286552243
4631790042561501
4631795707123364
4631798807633654
4631791136236208
4631791825517082
4631793563605558
4631790870241036
4631795042120471
4631796876730740
4631796218723841
4631790884800157
4631797456877612
4631797662774264
4631792214448244
4631790356035472
4631792387633853
4631795710744685
4631792828867458
4631792006464474
4631795826776027
4631798751781012
4631795435181460
4631798244713523
4631791527254505
4631796603270838
4631792637313843
4631790736521001
4631798866523457
4631794873768235
4631793325243706
4631795252046010
4631798431733631
4631796868753320
4631796527281473
4631797864651245
4631791301025220
4631793253088818
4631795371375803
4631797415423342
4631793231812420
4631798518481872
4631793585270548
4631790387411510
4631797313282568
4631798680615737
4631790278586404
4631792760306416
4631793206615071
4631796058167612
4631794872336141
4631798801765502
4631793740801203
4631796314158074
4631791032571542
4631792465280320
4631791085410754
4631796421323520
4631796325214361
4631792113518568
4631795168771545
4631794074862480
4631795030358802
4631790033303657
4631793788312352
4631791233481335
4631797503822876
4631794133037157
4631794034716537
4631795460283454
4631797877303818
4631790157438081
4631794517023732
4631793526357826
4631796071113106
4631790738540454
4631796862612506
4631795702738414
4631795341523441
4631792773114435
4631793578342536
4631798608133771
4631795774606747
4631790270741502
4631795328523315
4631793737133602
4631793544348773
4631798711182814
4631795680745506
4631795600484236
4631793514584043
4631791826217658
4631790437348837
4631797640851846
4631797365802271
4631793067201482
4631791234113333
4631797240222406
4631790765733501
4631796335163061
4631795712374051
4631790314573317
4631791730580803
4631790022721612
4631792360430723
4631794773524043
4631790338764082
4631793887268703
4631794716058323
4631796307430340
4631794682368177
4631797037160082
4631797514150432
4631792181058018
4631798788141586
4631797821370764
4631798225216140
4631798677406017
4631796224135667
4631793733755564
4631795560804233
4631794441524631
4631797831463658
4631795305618138
4631795417317652
4631790560566528
4631798754606281
4631798543210254
4631794483300106
4631795872670538
4631792731284163
4631793118718856
4631798116084656
4631798385005176
4631798517757454
4631796866480082
4631798733715047
4631793330374025
4631797384145736
4631792686045288
4631796442283661
4631794053416753
4631794188103524
4631798571177227
4631793684533150
4631794755504161
4631795452746682
4631792228854270
4631795200333304
4631790716824581
4631798045886528
4631792308583120
4631792867506223
4631793873622004
4631790204327022
4631797684347743
4631795364243745
4631791862211227
4631792616605706
4631798132314863
4631797521186833
4631795480441520
4631790160041203
4631797743365512
4631797005707344
4631791434178771
4631795855106385
4631794312051706
4631795721126666
4631791662465031
4631798088777451
4631796206261762
4631790077714280
4631798144330501
4631790833276566
4631790730487712
4631793081032376
4631791114572228
4631792452180780
4631795176100570
4631792635202261
4631790355502548
4631793013382576
4631792831827226
4631791303285103
4631790077277866
4631794088513202
4631794687737780
4631791417760124
4631796388053151
4631793325421625
4631791326050435
4631795375610346
4631792631335420
4631792873822556
4631793708346324
4631790181002168
4631794273454857
4631791475476464
4631795856178888
4631797112787411
4631797478701857
4631795461408738
4631791227804641
4631795446100418
4631796873434627
4631792317235407
4631791640551456
4631795351733476
4631797522505783
4631796002142406
4631793382845377
4631798523755831
4631793745321306
4631790562304845
4631796382643247
4631795833510112
4631794162512880
4631792435733515
4631793505061225
4631793328302541
4631797152341871
4631794427611485
4631794450245433
4631798516124185
4631796188506150
4631791521846223
4631793332375764
4631792270126742
4631796471316762
4631792343623188
4631798010228771
4631794735467216
4631790772518051
4631793075805670
4631795830444505
4631794234785530
4631797385568571
4631796131232755
4631798111736870
4631796240828220
4631793052674768
4631791168536103
4631792808704788
4631797123713513
4631793083407568
4631791123555016
4631791614704438
4631791841820874
4631790078575227
4631793881307713
4631798336022403
4631797752778688
4631790452568228
4631795520626635
4631792450407565
4631790244108218
4631798541746713
4631797424070084
4631794621316261
4631794166787272
4631792505475625
4631791325024738
4631794075176120
4631795445236015
4631792533454014
4631795502212305
4631798868854058
4631797718488174
4631794275673041
4631796674748027
4631791347215256
4631796186625374
4631794585118455
4631797403156722
4631797234775070
4631798378428823
4631790387802007
4631797835366105
4631796010344887
4631798261533655
4631796616374452
4631798301837454
4631795422027221
4631793177734414
4631798660178367
4631796460127188
4631796132771363
4631793510105371
4631792180853724
4631797547700278
4631794531871827
4631792684456461
4631798385334444
4631795271302121
4631795770572802
4631795755615725
4631792315382334
4631795452718046
4631794305455880
4631791316244170
4631797182003152
4631793806625777
4631792286858221
4631797121647812
4631791367210575
4631798451324287
4631796663510776
4631797358014132
4631793124726646
4631791262146445
4631790585753101
4631791573734046
4631790387466217
4631791586873328
4631798150302824
4631794062602203
4631790763350522
4631793808554462
4631796046242881
4631793477883200
4631798557483177
4631796456173170
4631791557520783
4631796474000033
4631795834323101
4631798743050856
4631794103474851
4631792713866011
4631792338840045
4631792765784815
4631790277120155
4631795318714726
4631796852240227
4631793416756566
4631791627110615
4631798278372212
4631790258768451
4631796887580878
4631794457763180
4631795667171353
4631797560020620
4631798338847658
4631791138304582
4631795017741624
4631792317853480
4631797536705577
4631797123503138
4631793261560675
4631791028026881
4631793106774226
4631796868061724
4631798270717851
4631793517686241
4631797577240716
4631794480052502
4631797366432011
4631792731262631
4631790331725031
4631790527756436
4631792084518332
4631790363550257
4631790654722847
4631793875621624
4631791610168133
4631795228557314
4631795781045384
4631795273686323
4631792057751878
4631792833758551
4631790671623408
4631796557163773
4631792466888121
4631796070444247
4631796213188602
4631793414853605
4631794276163323
4631795220105476
4631795170526176
4631791824455862
4631797346083405
4631797167837137
4631790463047287
4631796276846773
4631790642134725
4631798084762317
4631792224410655
4631795751225420
4631797673081055
4631792882428700
4631794838580477
4631797755517547
4631797332575083
4631791631500272
4631792175457135
4631796464128661
4631795072542537
4631794701115716
4631798352803231
4631795576655421
4631790038150251
4631791072228607
4631790646324603
4631790323173513
4631795416341851
4631790650217024
4631793862844080
4631791417625178
4631792387784615
4631797246117675
4631792318358075
4631796683048013
4631791384152651
4631797515238343
4631790851624788
4631794751574028
4631798712606258
4631790284710725
4631793840263627
4631797844207084
4631790500277848
4631792484412474
4631790823554311
4631796627140074
4631794384016348
4631793864610422
4631794765741027
4631794828403557
4631798064124124
4631793058303420
4631797140104878
4631798782523532
4631791257633852
4631796485778130
4631798506883410
4631793216231737
4631792503182884
4631796081077887
4631791861726373
4631795613617657
4631796523147744
4631792721725621
4631792805583136
4631791424083064
4631795685343638
4631793542300370
4631796145725216
4631792512378242
4631791567156313
4631796205767777
4631790572767072
4631798205040247
4631790538074811
4631798023743006
4631792040116353
4631793705152600
4631792386386875
4631795114528817
4631793581780623
4631797422648725
4631794457765771
4631797381114826
4631796287073102
4631793817648776
4631794074850675
4631798468511322
4631791162204658
4631795710065552
4631796121082087
4631798321148262
4631798044018420
4631794235214563
4631794215085165
4631791055251840
4631796851683021
4631792500716163
4631798375441431
4631791568203361
4631790228424821
4631793351550768
4631790417873846
4631797530300524
4631793075576818
4631795111450536
4631791865140134
4631790045016347
4631795081761243
4631795240827067
4631796475303741
4631795157250287
4631797225322155
4631796542854387
4631792323255175
4631794803651774
4631793715670815
4631797716187406
4631790141731203
4631792846748607
4631795137520825
4631793082437327
4631797681420428
4631798874785015
4631791706028787
4631797483184271
4631791574628460
4631798165516665
4631795320754678
4631791018003122
4631798276873674
4631791676828166
4631793737825462
4631796686676000
4631798144163712
4631790340685168
4631796602661276
4631793738651628
4631793102661682
4631796717651030
4631798430428563
4631795022614741
4631793735403460
4631794554484482
4631792244851870
4631792461863616
4631792381477174
4631796300054345
4631790373150817
4631794665667686
4631796781766250
4631798275244521
4631796372877672
4631790367055022
4631791031584470
4631796846275503
4631795174061147
4631796243018738
4631792700816748
4631793240655554
4631796686420805
4631791827558605
4631796531015024
4631792761782144
4631798134023603
4631791520357867
4631792182048414
4631790738558506
4631798348345040
4631798762183687
4631796701681134
4631795440267478
4631795824757334
4631792102558864
4631796383005065
4631798128650213
4631794327857410
4631796703126435
4631796264166408
4631790443251520
4631796148541602
4631797760831842
4631796076412156
4631795533878140
4631798880860604
4631796843113624
4631798522463015
4631791074677108
4631791238451184
4631791740166056
4631798887700613
4631792462466476
4631797380410001
4631792651802655
4631796102050004
4631795320757358
4631796788403774
4631796353480132
4631794048135153
4631792053718103
4631798022255523
4631798318411632
4631791056716130
4631790146477786
4631791508544726
4631798075783702
4631795525248401
4631796686188147
4631794775070664
4631798380537777
4631797602688574
4631797650148703
4631798314185628
4631797387546641
4631790318675266
4631795278133552
4631796118434366
4631791884100556
4631793371408427
4631796823587060
4631793226536117
4631795056783453
4631797228506416
4631793414885813
4631790656861023
4631792753402701
4631798278873730
4631796607345875
4631793748752846
4631794147600305
4631792662080432
4631798333561023
4631794502270231
4631795801760137
4631794124350007
4631790426005018
4631795434266734
4631791036430786
4631796445541248
4631796421343262
4631790176433055
4631795062746072
4631798320125105
4631790844723267
4631794666272627
4631791680463620
4631797360730428
4631790418813254
4631790058668133
4631791310311785
4631797386368666
4631790408872740
4631790648478688
4631797664423845
4631790667368828
4631794123874643
4631796166350738
4631795570226617
4631794805062582
4631794524326425
4631794241851267
4631798267274213
4631798512110022
4631798107606327
4631797871241006
4631798223560218
4631792147530548
4631792636783871
4631798817061383
4631793408580172
4631795444134542
4631791540636787
4631794840266867
4631792082725533
4631792152150125
4631791663161233
4631796708512373
4631793441257374
4631797583444310
4631798500805427
4631797053553608
4631797243077310
4631796314737380
4631798232366540
4631794742272013
4631795236547455
4631796551848320
4631798502846171
4631797078247582
4631795015626876
4631793000801711
4631794365016382
4631790203274514
4631797884206715
4631794411768077
4631797847146024
4631791638142870
4631793254055428
4631790802418868
4631798251476527
4631795756301861
4631790513603808
4631792844602863
4631798362226670
4631795404848107
4631793670762524
4631792237475117
4631792082606311
4631791682206647
4631796248725006
4631796400367183
4631796634460283
4631790601443307
4631794548626503
4631791434133263
4631792136182715
4631794553221703
4631794462062313
4631790535466705
4631795011518341
4631795403437480
4631798561662121
4631793502612244
4631790605100044
4631795878558026
4631792427353413
4631796361737762
4631793053250535
4631790100477533
4631790237386284
4631794740748113
4631798025044288
4631798471816700
4631795087432385
4631790802427042
4631797147886220
4631797411064678
4631793376362355
4631790328852202
4631798784073320
4631790757380352
4631797602513715
4631796681133551
4631790862281842
4631796517510725
4631791014227402
4631794042253127
4631795710875414
4631798110025713
4631792756170677
4631796068362658
4631795022322436
4631794323128261
4631791103723832
4631791838056466
4631790652307765
4631794426316870
4631797170671143
4631793127152287
4631797073345662
4631798140300631
4631795547256838
4631792545571847
4631790048347061
4631797028423200
4631790816377415
4631791511473715
4631796004322378
4631797541227435
4631796411634688
4631793367762274
4631796756342814
4631791057453386
4631795831425180
4631798561262641
4631795031008653
4631794132540201
4631798715160733
4631797014237705
4631795753614753
4631793861077641
4631798827268150
4631794836458346
4631791257538671
4631792210344421
4631795265786537
4631793806721626
4631790414211347
4631795056447075
4631798121687444
4631798802537736
4631795401177112
4631796483370625
4631796133058760
4631792713502236
4631796210763118
4631791612426034
4631792400640844
4631796510632286
4631797510753312
4631795534352533
4631795318075284
4631791265178460
4631792824022256
4631793042344365
4631793213535163
4631792322600678
4631798004523567
4631795431817471
4631795241212681
4631791746127482
4631794143081682
4631791856867802
4631797001133388
4631797477484844
4631793247408247
4631795164355848
4631793558128863
4631797628313785
4631790636406675
4631798386516825
4631791128253161
4631790764457110
4631790776323185
4631792383368512
4631794630376470
4631796374450551
4631791537331137
4631794722807580
4631798844510725
4631792847065662
4631791613886418
4631792147742457
4631794847586408
4631791414710023
4631798536256256
4631798241186061
4631796178625838
4631793533476270
4631792336346367
4631793832004682
4631796465867655
4631794768511021
4631797014760110
4631794131538743
4631798240857217
4631796672022557
4631790181504437
4631792378603386
4631798642525404
4631795334520776
4631796100350331
4631794467233208
4631794368616808
4631790500804567
4631797716252473
4631794764404700
4631791306455257
4631794834258466
4631792701202203
4631798264784586
4631791508306720
4631790165571022
4631798717251670
4631795327473157
4631794053360324
4631794828285780
4631792220320650
4631790152477076
4631798174816031
4631790525813742
4631798774871535
4631797274260173
4631794242505342
4631796168223321
4631792747515535
4631798233438827
4631791138355378
4631790380553177
4631797454502170
4631798471552453
4631795338742400
4631791171216651
4631793554132034
4631794374136254
4631791255304647
4631791424875683
4631794557468102
4631792166123621
4631791163823274
4631791064461646
4631795743180808
4631792080475313
4631791024056668
4631795766762110
4631798867887471
4631791640214626
4631794366424601
4631791384154012
4631795586476172
4631797504744335
4631791888862474
4631798673052807
4631791271283411
4631790302065805
4631797071152664
4631798450343635
4631797100510205
4631798878626017
4631793337872575
4631796556586206
4631798152872865
4631791568721222
4631797337170831
4631790014866458
4631791702487813
4631794862658520
4631793253558513
4631795650387354
4631796038571230
4631795038116160
4631798627151523
4631791511506761
4631797443641550
4631790806262122
4631794661323326
4631795238531788
4631797505284778
4631792404772668
4631797138423223
4631798853028734
4631794806844186
4631791213707774
4631794382486188
4631794784456086
4631790463577150
4631795275373870
4631795636534822
4631790861281553
4631791610364765
4631795764424051
4631790226558216
4631793224758812
4631795736108386
4631797542273644
4631794162271008
4631795846088734
4631792033347726
4631790571384481
4631791560645668
4631798220563645
4631792810163627
4631795215585286
4631797300720075
4631791771020677
4631792568447156
4631792803076380
4631796041678345
4631792026031386
4631798613418068
4631791262054433
4631790722588014
4631797583860481
4631790432171358
4631790356546445
4631795241217656
4631794406414265
4631793230678608
4631796213503701
4631790028020852
4631794606521067
4631791441316380
4631790016665031
4631795231266143
4631796832633178
4631796128622562
4631790151811002
4631795582781112
4631795727187316
4631792874614028
4631797885127472
4631793231220566
4631794564130224
4631792161136578
4631793430068360
4631794305018274
4631798751543214
4631797138264767
4631797851338608
4631794151238125
4631796287377743
4631791521015654
4631796521232548
4631791780320662
4631792115203185
4631795218460677
4631793020631130
4631796786635286
4631795741437481
4631797056803687
4631790607238735
4631792858766604
4631791226451105
4631797835443532
4631793070212468
4631792178415312
4631796645641418
4631796841215017
4631792271121668
4631794438200112
4631798455557437
4631793202125513
4631796356646135
4631792377031613
4631793673628151
4631798844681047
4631797113455182
4631796104868346
4631797626660153
4631795105761237
4631791454743546
4631790445070258
4631797471045187
4631790581801532
4631797823158167
4631796500000635
4631794184688353
4631790873065143
4631790585107662
4631792461220411
4631794385512865
4631797057544405
4631793738410157
4631797026128777
4631795225783046
4631797623635406
4631793047884233
4631791872576510
4631790566864026
4631790738354765
4631790874034445
4631797506720838
4631797243033438
4631798388337246
4631797686867540
4631797877263681
4631795121521805
4631795485118453
4631798817085135
4631796200313726
4631796032236053
4631794612013141
4631792410402573
4631796543185831
4631792836716473
4631790273358684
4631794803500757
4631798116156645
4631792477248307
4631793240362847
4631790605338768
4631798814153506
4631796477418851
4631791082147151
4631792130235444
4631797607470630
4631790111803057
4631796010414326
4631792673004710
4631792265244484
4631797081143034
4631792055226618
4631794014114737
4631795135184434
4631796643337381
4631792430374232
4631797676887706
4631795775505856
4631793833641037
4631795846001687
4631798002263240
4631797818851867
4631790040088200
4631796652736531
4631798544734823
4631797730087038
4631792151437226
4631794274667820
4631790528613511
4631798563547361
4631793742415838
4631798150178778
4631790330226361
4631797345347314
4631791588530652
4631796288535240
4631791732153765
4631795640261016
4631793662702751
4631797247286206
4631797724763362
4631791112242162
4631795507442014
4631791210578301
4631790853644354
4631796202033785
4631794567224842
4631792433476877
4631797847841178
4631798401268832
4631795822012237
4631795750716510
4631793120854285
4631796335282887
4631796144848431
4631792233180463
4631790344564450
4631796232804825
4631792016724487
4631796142146861
4631790308442321
4631793555735082
4631792461682487
4631793845333326
4631798646878411
4631793732038244
4631798704537313
4631793531402088
4631792512158388
4631793121133143
4631797003001104
4631792147128707
4631795380057152
4631797450766274
4631792405063562
4631797450252135
4631796616600625
4631794623761118
4631790368721861
4631790737518626
4631798817757485
4631796722780444
4631797827534454
4631797440206860
4631796527172847
4631797201724275
4631792651434475
4631796302158870
4631795570533327
4631791137336601
4631797080720261
4631792108808776
4631797773077870
4631791116206486
4631792026847534
4631792440331016
4631798201807433
4631790020874843
4631797185160744
4631795560220463
4631796562676413
4631796211250727
4631793744681817
4631798555315447
4631794332383733
4631791856263812
4631792325673813
4631795638385504
4631792875576507
4631796501723466
4631790827114187
4631793164545633
4631790388058161
4631790177433237
4631795606830275
4631796344820537
4631792320180483
4631798260661127
4631795843417670
4631798112031446
4631794145516305
4631793852425742
4631795578206504
4631792808477336
4631793625754618
4631791236613843
4631792438415847
4631790238070010
4631790777725008
4631797215058660
4631791766334307
4631798805545421
4631796287748141
4631794544688432
4631791786250046
4631797087361085
4631795644833505
4631798333463808
4631795570488530
4631797052703402
4631791505220734
4631798385620073
4631798061413421
4631795754032435
4631790584653187
4631798226656468
4631792766544465
4631793371771048
4631790101154438
4631791281388002
4631798120175516
4631796220703484
4631795003377458
4631792404283351
4631790322876504
4631798525030241
4631798804651378
4631792865040381
4631796023753363
4631794325771175
4631790453158375
4631796670023243
4631792834017825
4631791738407330
4631794582231483
4631796758806212
4631798184100814
4631795177250531
4631796065128045
4631793880077358
4631792064732457
4631794487677186
4631798673166276
4631796004084473
4631792258123745
4631791816470366
4631798002651360
4631798884870146
4631791011226621
4631793678036830
4631790216213061
4631794858142638
4631791421403307
4631795232780035
4631795477106185
4631795208323828
4631795746277478
4631793556274156
4631790448040514
4631796154307237
4631795042102032
4631790236366550
4631797864246566
4631793228012604
4631794724544801
4631795661354716
4631798515814331
4631790174003546
4631797514725688
4631795856743822
4631795640330142
4631797631353562
4631798477515223
4631795603543418
4631794120343675
4631790065616414
4631791225284531
4631791186073055
4631796637667058
4631794633570756
4631792453423510
4631796213646120
4631791425757443
4631798120400807
4631792361062004
4631798305761577
4631794288177378
4631794638045028
4631798160836415
4631790632404302
4631791007475141
4631791882444477
4631790331083118
4631797644744716
4631791357175630
4631795234537607
4631794827023323
4631790500615120
4631794040753185
4631795536238516
4631794877228046
4631796100571621
4631791722556217
4631797217051457
4631795287516771
4631793673232764
4631797022488613
4631797188113674
4631792065621311
4631792315861303
4631796634676631
4631793685375833
4631792824575857
4631798246806044
4631794525222862
4631790475788845
4631797267011435
4631790134808653
4631792760052168
4631794486224527
4631790377500033
4631798175736071
4631790312732550
4631790801456778
4631791384534122
4631794411256826
4631797356230284
4631796501825626
4631793677887118
4631798661417145
4631793857253313
4631792355558041
4631791518288348
4631796346721048
4631794283465174
4631796134323841
4631790354367323
4631796634777652
4631798655583068
4631795266325004
4631797150847721
4631798350347322
4631798173200211
4631790724782730
4631798135438503
4631798336158678
4631796118303124
4631792208061334
4631791536465456
4631794845653887
4631791776462437
4631793234556834
4631791277680560
4631793827661363
4631796277212587
4631791803116436
4631798267037511
4631795723527655
4631797338110018
4631792511661382
4631791863277037
4631798225678646
4631793565105813
4631793700867848
4631795512334321
4631796746536756
4631791741734670
4631790666306241
4631798181683242
4631793153370068
4631793577472821
4631793215441667
4631790250420127
4631796014242178
4631792152547122
4631794628113026
4631793202371067
4631791517202555
4631795861616872
4631795531858367
4631797534185517
4631795724168046
4631794218041488
4631798083240125
4631794308255550
4631794501816083
4631792227743581
4631792377334462
4631798564108387
4631795246805562
4631796228247708
4631795866684685
4631791458472365
4631791337762283
4631796266121468
4631791731268002
4631796428021614
4631791755247627
4631794228670060
4631796406865156
4631797251730313
4631793438337833
4631790648645070
4631793328076608
4631790317367261
4631795613015605
4631792300173367
4631798687686525
4631790828807102
4631791311788775
4631796128816602
4631798834376012
4631797560058232
4631794613530655
4631791286716470
4631792260768487
4631798843188820
4631792011700482
4631797326417235
4631798781132467
4631790241317416
4631798450246333
4631794782636804
4631796268577683
4631791784670815
4631797347720187
4631797328222856
4631793120547061
4631795800743225
4631791002565433
4631793088333686
4631793273631084
4631795258677578
4631796764036150
4631793310084206
4631794500224255
4631794701884048
4631792624563657
4631792027275065
4631797317226538
4631792656778751
4631796470702343
4631796464034331
4631798465512547
4631797731404471
4631798201228341
4631797860338862
4631790346875623
4631790741634153
4631790805253635
4631797887560266
4631792278310140
4631798467216634
4631791656116103
4631794383351837
4631790350622036
4631797285877288
4631797731546347
4631798223033158
4631792203660361
4631792578015068
4631797276804473
4631796207762362
4631792445077200
4631795735603817
4631795322367677
4631790358126832
4631791755863472
4631795555373376
4631794317651575
4631795113276301
4631794515585732
4631791646787286
