4214100234565226
4214100234565234
4214100234565242
4214100234565267
4214100234565275
4214100234565283
4214100234565317
4214100234565325
4214100234565333
4214100234565341
4214100234565358
4214100234565366
4214100234565374
4214100234565382
4214100234565408
4214100234565416
4214100234565424
4214100234565432
4214100234565440
4214100234565457
4214100234565465
4214100234565473
4214100234565481
4214100234565507
4214100234565515
4214100234565523
4214100234565531
4214100234565556
4214100234565564
4214100234565572
4214100234565580
4214100234565606
4214100234565614
4214100234565622
4214100234565630
4214100234565648
4214100234565655
4214100234565663
4214100234565671
4214100234565705
4214100234565713
4214100234565721
4214100234565747
4214100234565754
4214100234565762
4214100234565770
4214100234565788
4214100234565804
4214100234565812
4214100234565820
4214100234565838
4214100234565846
4214100234565853
4214100234565861
4214100234565887
4214100234566000
4214100234566018
4214100234566026
4214100234566034
4214100234566042
4214100234566067
4214100234566075
4214100234566083
4214100234566117
4214100234566125
4214100234566133
4214100234566141
4214100234566158
4214100234566166
4214100234566174
4214100234566182
4214100234566208
4214100234566216
4214100234566224
4214100234566232
4214100234566240
4214100234566257
4214100234566265
4214100234566273
4214100234566281
4214100234566307
4214100234566315
4214100234566323
4214100234566331
4214100234566356
4214100234566364
4214100234566372
4214100234566380
4214100234566406
4214100234566414
4214100234566422
4214100234566430
4214100234566448
4214100234566455
4214100234566463
4214100234566471
4214100234566505
4214100234566513
4214100234566521
4214100234566547
4214100234566554
4214100234566562
4214100234566570
4214100234566588
4214100234566604
4214100234566612
4214100234566620
4214100234566638
4214100234566646
4214100234566653
4214100234566661
4214100234566687
4214100234566703
4214100234566711
4214100234566737
4214100234566745
4214100234566752
4214100234566760
4214100234566778
4214100234566786
4214100234566802
4214100234566810
4214100234566828
4214100234566836
4214100234566844
4214100234566851
4214100234566877
4214100234566885
4214100234567008
4214100234567016
4214100234567024
4214100234567032
4214100234567040
4214100234567057
4214100234567065
4214100234567073
4214100234567081
4214100234567107
4214100234567115
4214100234567123
4214100234567131
4214100234567156
4214100234567164
4214100234567172
4214100234567180
4214100234567206
4214100234567214
4214100234567222
4214100234567230
4214100234567248
4214100234567255
4214100234567263
4214100234567271
4214100234567305
4214100234567313
4214100234567321
4214100234567347
4214100234567354
4214100234567362
4214100234567370
4214100234567388
4214100234567404
4214100234567412
4214100234567420
4214100234567438
4214100234567446
4214100234567453
4214100234567461
4214100234567487
4214100234567503
4214100234567511
4214100234567537
4214100234567545
4214100234567552
4214100234567560
4214100234567578
4214100234567586
4214100234567602
4214100234567610
4214100234567628
4214100234567636
4214100234567644
4214100234567651
4214100234567677
4214100234567685
4214100234567701
4214100234567727
4214100234567735
4214100234567743
4214100234567750
4214100234567768
4214100234567776
4214100234567784
4214100234567800
4214100234567818
4214100234567826
4214100234567834
4214100234567842
4214100234567867
4214100234567875
4214100234567883
4214100234568006
4214100234568014
4214100234568022
4214100234568030
4214100234568048
4214100234568055
4214100234568063
4214100234568071
4214100234568105
4214100234568113
4214100234568121
4214100234568147
4214100234568154
4214100234568162
4214100234568170
4214100234568188
4214100234568204
4214100234568212
4214100234568220
4214100234568238
4214100234568246
4214100234568253
4214100234568261
4214100234568287
4214100234568303
4214100234568311
4214100234568337
4214100234568345
4214100234568352
4214100234568360
4214100234568378
4214100234568386
4214100234568402
4214100234568410
4214100234568428
4214100234568436
4214100234568444
4214100234568451
4214100234568477
4214100234568485
4214100234568501
4214100234568527
4214100234568535
4214100234568543
4214100234568550
4214100234568568
4214100234568576
4214100234568584
4214100234568600
4214100234568618
4214100234568626
4214100234568634
4214100234568642
4214100234568667
4214100234568675
4214100234568683
4214100234568717
4214100234568725
4214100234568733
4214100234568741
4214100234568758
4214100234568766
4214100234568774
4214100234568782
4214100234568808
4214100234568816
4214100234568824
4214100234568832
4214100234568840
4214100234568857
4214100234568865
4214100234568873
4214100234568881
4214100234570002
4214100234570010
4214100234570028
4214100234570036
4214100234570044
4214100234570051
4214100234570077
4214100234570085
4214100234570101
4214100234570127
4214100234570135
4214100234570143
4214100234570150
4214100234570168
4214100234570176
4214100234570184
4214100234570200
4214100234570218
4214100234570226
4214100234570234
4214100234570242
4214100234570267
4214100234570275
4214100234570283
4214100234570317
4214100234570325
4214100234570333
4214100234570341
4214100234570358
4214100234570366
4214100234570374
4214100234570382
4214100234570408
4214100234570416
4214100234570424
4214100234570432
4214100234570440
4214100234570457
4214100234570465
4214100234570473
4214100234570481
4214100234570507
4214100234570515
4214100234570523
4214100234570531
4214100234570556
4214100234570564
4214100234570572
4214100234570580
4214100234570606
4214100234570614
4214100234570622
4214100234570630
4214100234570648
4214100234570655
4214100234570663
4214100234570671
4214100234570705
4214100234570713
4214100234570721
4214100234570747
4214100234570754
4214100234570762
4214100234570770
4214100234570788
4214100234570804
4214100234570812
4214100234570820
4214100234570838
4214100234570846
4214100234570853
4214100234570861
4214100234570887
4214100234571000
4214100234571018
4214100234571026
4214100234571034
4214100234571042
4214100234571067
4214100234571075
4214100234571083
4214100234571117
4214100234571125
4214100234571133
4214100234571141
4214100234571158
4214100234571166
4214100234571174
4214100234571182
4214100234571208
4214100234571216
4214100234571224
4214100234571232
4214100234571240
4214100234571257
4214100234571265
4214100234571273
4214100234571281
4214100234571307
4214100234571315
4214100234571323
4214100234571331
4214100234571356
4214100234571364
4214100234571372
4214100234571380
4214100234571406
4214100234571414
4214100234571422
4214100234571430
4214100234571448
4214100234571455
4214100234571463
4214100234571471
4214100234571505
4214100234571513
4214100234571521
4214100234571547
4214100234571554
4214100234571562
4214100234571570
4214100234571588
4214100234571604
4214100234571612
4214100234571620
4214100234571638
4214100234571646
4214100234571653
4214100234571661
4214100234571687
4214100234571703
4214100234571711
4214100234571737
4214100234571745
4214100234571752
4214100234571760
4214100234571778
4214100234571786
4214100234571802
4214100234571810
4214100234571828
4214100234571836
4214100234571844
4214100234571851
4214100234571877
4214100234571885
4214100234572008
4214100234572016
4214100234572024
4214100234572032
4214100234572040
4214100234572057
4214100234572065
4214100234572073
4214100234572081
4214100234572107
4214100234572115
4214100234572123
4214100234572131
4214100234572156
4214100234572164
4214100234572172
4214100234572180
4214100234572206
4214100234572214
4214100234572222
4214100234572230
4214100234572248
4214100234572255
4214100234572263
4214100234572271
4214100234572305
4214100234572313
4214100234572321
4214100234572347
4214100234572354
4214100234572362
4214100234572370
4214100234572388
4214100234572404
4214100234572412
4214100234572420
4214100234572438
4214100234572446
4214100234572453
4214100234572461
4214100234572487
4214100234572503
4214100234572511
4214100234572537
4214100234572545
4214100234572552
4214100234572560
4214100234572578
4214100234572586
4214100234572602
4214100234572610
4214100234572628
4214100234572636
4214100234572644
4214100234572651
4214100234572677
4214100234572685
4214100234572701
4214100234572727
4214100234572735
4214100234572743
4214100234572750
4214100234572768
4214100234572776
4214100234572784
4214100234572800
4214100234572818
4214100234572826
4214100234572834
4214100234572842
4214100234572867
4214100234572875
4214100234572883
4214100234573006
4214100234573014
4214100234573022
4214100234573030
4214100234573048
4214100234573055
4214100234573063
4214100234573071
4214100234573105
4214100234573113
4214100234573121
4214100234573147
4214100234573154
4214100234573162
4214100234573170
4214100234573188
4214100234573204
4214100234573212
4214100234573220
4214100234573238
4214100234573246
4214100234573253
4214100234573261
4214100234573287
4214100234573303
4214100234573311
4214100234573337
4214100234573345
4214100234573352
4214100234573360
4214100234573378
4214100234573386
4214100234573402
4214100234573410
4214100234573428
4214100234573436
4214100234573444
4214100234573451
4214100234573477
4214100234573485
4214100234573501
4214100234573527
4214100234573535
4214100234573543
4214100234573550
4214100234573568
4214100234573576
4214100234573584
4214100234573600
4214100234573618
4214100234573626
4214100234573634
4214100234573642
4214100234573667
4214100234573675
4214100234573683
4214100234573717
4214100234573725
4214100234573733
4214100234573741
4214100234573758
4214100234573766
4214100234573774
4214100234573782
4214100234573808
4214100234573816
4214100234573824
4214100234573832
4214100234573840
4214100234573857
4214100234573865
4214100234573873
4214100234573881
4214100234574004
4214100234574012
4214100234574020
4214100234574038
4214100234574046
4214100234574053
4214100234574061
4214100234574087
4214100234574103
4214100234574111
4214100234574137
4214100234574145
4214100234574152
4214100234574160
4214100234574178
4214100234574186
4214100234574202
4214100234574210
4214100234574228
4214100234574236
4214100234574244
4214100234574251
4214100234574277
4214100234574285
4214100234574301
4214100234574327
4214100234574335
4214100234574343
4214100234574350
4214100234574368
4214100234574376
4214100234574384
4214100234574400
4214100234574418
4214100234574426
4214100234574434
4214100234574442
4214100234574467
4214100234574475
4214100234574483
4214100234574517
4214100234574525
4214100234574533
4214100234574541
4214100234574558
4214100234574566
4214100234574574
4214100234574582
4214100234574608
4214100234574616
4214100234574624
4214100234574632
4214100234574640
4214100234574657
4214100234574665
4214100234574673
4214100234574681
4214100234574707
4214100234574715
4214100234574723
4214100234574731
4214100234574756
4214100234574764
4214100234574772
4214100234574780
4214100234574806
4214100234574814
4214100234574822
4214100234574830
4214100234574848
4214100234574855
4214100234574863
4214100234574871
4214100234575001
4214100234575027
4214100234575035
4214100234575043
4214100234575050
4214100234575068
4214100234575076
4214100234575084
4214100234575100
4214100234575118
4214100234575126
4214100234575134
4214100234575142
4214100234575167
4214100234575175
4214100234575183
4214100234575217
4214100234575225
4214100234575233
4214100234575241
4214100234575258
4214100234575266
4214100234575274
4214100234575282
4214100234575308
4214100234575316
4214100234575324
4214100234575332
4214100234575340
4214100234575357
4214100234575365
4214100234575373
4214100234575381
4214100234575407
4214100234575415
4214100234575423
4214100234575431
4214100234575456
4214100234575464
4214100234575472
4214100234575480
4214100234575506
4214100234575514
4214100234575522
4214100234575530
4214100234575548
4214100234575555
4214100234575563
4214100234575571
4214100234575605
4214100234575613
4214100234575621
4214100234575647
4214100234575654
4214100234575662
4214100234575670
4214100234575688
4214100234575704
4214100234575712
4214100234575720
4214100234575738
4214100234575746
4214100234575753
4214100234575761
4214100234575787
4214100234575803
4214100234575811
4214100234575837
4214100234575845
4214100234575852
4214100234575860
4214100234575878
4214100234575886
4214100234576017
4214100234576025
4214100234576033
4214100234576041
4214100234576058
4214100234576066
4214100234576074
4214100234576082
4214100234576108
4214100234576116
4214100234576124
4214100234576132
4214100234576140
4214100234576157
4214100234576165
4214100234576173
4214100234576181
4214100234576207
4214100234576215
4214100234576223
4214100234576231
4214100234576256
4214100234576264
4214100234576272
4214100234576280
4214100234576306
4214100234576314
4214100234576322
4214100234576330
4214100234576348
4214100234576355
4214100234576363
4214100234576371
4214100234576405
4214100234576413
4214100234576421
4214100234576447
4214100234576454
4214100234576462
4214100234576470
4214100234576488
4214100234576504
4214100234576512
4214100234576520
4214100234576538
4214100234576546
4214100234576553
4214100234576561
4214100234576587
4214100234576603
4214100234576611
4214100234576637
4214100234576645
4214100234576652
4214100234576660
4214100234576678
4214100234576686
4214100234576702
4214100234576710
4214100234576728
4214100234576736
4214100234576744
4214100234576751
4214100234576777
4214100234576785
4214100234576801
4214100234576827
4214100234576835
4214100234576843
4214100234576850
4214100234576868
4214100234576876
4214100234576884
4214100234577007
4214100234577015
4214100234577023
4214100234577031
4214100234577056
4214100234577064
4214100234577072
4214100234577080
4214100234577106
4214100234577114
4214100234577122
4214100234577130
4214100234577148
4214100234577155
4214100234577163
4214100234577171
4214100234577205
4214100234577213
4214100234577221
4214100234577247
4214100234577254
4214100234577262
4214100234577270
4214100234577288
4214100234577304
4214100234577312
4214100234577320
4214100234577338
4214100234577346
4214100234577353
4214100234577361
4214100234577387
4214100234577403
4214100234577411
4214100234577437
4214100234577445
4214100234577452
4214100234577460
4214100234577478
4214100234577486
4214100234577502
4214100234577510
4214100234577528
4214100234577536
4214100234577544
4214100234577551
4214100234577577
4214100234577585
4214100234577601
4214100234577627
4214100234577635
4214100234577643
4214100234577650
4214100234577668
4214100234577676
4214100234577684
4214100234577700
4214100234577718
4214100234577726
4214100234577734
4214100234577742
4214100234577767
4214100234577775
4214100234577783
4214100234577817
4214100234577825
4214100234577833
4214100234577841
4214100234577858
4214100234577866
4214100234577874
4214100234577882
4214100234578005
4214100234578013
4214100234578021
4214100234578047
4214100234578054
4214100234578062
4214100234578070
4214100234578088
4214100234578104
4214100234578112
4214100234578120
4214100234578138
4214100234578146
4214100234578153
4214100234578161
4214100234578187
4214100234578203
4214100234578211
4214100234578237
4214100234578245
4214100234578252
4214100234578260
4214100234578278
4214100234578286
4214100234578302
4214100234578310
4214100234578328
4214100234578336
4214100234578344
4214100234578351
4214100234578377
4214100234578385
4214100234578401
4214100234578427
4214100234578435
4214100234578443
4214100234578450
4214100234578468
4214100234578476
4214100234578484
4214100234578500
4214100234578518
4214100234578526
4214100234578534
4214100234578542
4214100234578567
4214100234578575
4214100234578583
4214100234578617
4214100234578625
4214100234578633
4214100234578641
4214100234578658
4214100234578666
4214100234578674
4214100234578682
4214100234578708
4214100234578716
4214100234578724
4214100234578732
4214100234578740
4214100234578757
4214100234578765
4214100234578773
4214100234578781
4214100234578807
4214100234578815
4214100234578823
4214100234578831
4214100234578856
4214100234578864
4214100234578872
4214100234578880
4214100234580001
4214100234580027
4214100234580035
4214100234580043
4214100234580050
4214100234580068
4214100234580076
4214100234580084
4214100234580100
4214100234580118
4214100234580126
4214100234580134
4214100234580142
4214100234580167
4214100234580175
4214100234580183
4214100234580217
4214100234580225
4214100234580233
4214100234580241
4214100234580258
4214100234580266
4214100234580274
4214100234580282
4214100234580308
4214100234580316
4214100234580324
4214100234580332
4214100234580340
4214100234580357
4214100234580365
4214100234580373
4214100234580381
4214100234580407
4214100234580415
4214100234580423
4214100234580431
4214100234580456
4214100234580464
4214100234580472
4214100234580480
4214100234580506
4214100234580514
4214100234580522
4214100234580530
4214100234580548
4214100234580555
4214100234580563
4214100234580571
4214100234580605
4214100234580613
4214100234580621
4214100234580647
4214100234580654
4214100234580662
4214100234580670
4214100234580688
4214100234580704
4214100234580712
4214100234580720
4214100234580738
4214100234580746
4214100234580753
4214100234580761
4214100234580787
4214100234580803
4214100234580811
4214100234580837
4214100234580845
4214100234580852
4214100234580860
4214100234580878
4214100234580886
4214100234581017
4214100234581025
4214100234581033
4214100234581041
4214100234581058
4214100234581066
4214100234581074
4214100234581082
4214100234581108
4214100234581116
4214100234581124
4214100234581132
4214100234581140
4214100234581157
4214100234581165
4214100234581173
4214100234581181
4214100234581207
4214100234581215
4214100234581223
4214100234581231
4214100234581256
4214100234581264
4214100234581272
4214100234581280
4214100234581306
4214100234581314
4214100234581322
4214100234581330
4214100234581348
4214100234581355
4214100234581363
4214100234581371
4214100234581405
4214100234581413
4214100234581421
4214100234581447
4214100234581454
4214100234581462
4214100234581470
4214100234581488
4214100234581504
4214100234581512
4214100234581520
4214100234581538
4214100234581546
4214100234581553
4214100234581561
4214100234581587
4214100234581603
4214100234581611
4214100234581637
4214100234581645
4214100234581652
4214100234581660
4214100234581678
4214100234581686
4214100234581702
4214100234581710
4214100234581728
4214100234581736
4214100234581744
4214100234581751
4214100234581777
4214100234581785
4214100234581801
4214100234581827
4214100234581835
4214100234581843
4214100234581850
4214100234581868
4214100234581876
4214100234581884
4214100234582007
4214100234582015
4214100234582023
4214100234582031
4214100234582056
4214100234582064
4214100234582072
4214100234582080
4214100234582106
4214100234582114
4214100234582122
4214100234582130
4214100234582148
4214100234582155
4214100234582163
4214100234582171
4214100234582205
4214100234582213
4214100234582221
4214100234582247
4214100234582254
4214100234582262
4214100234582270
4214100234582288
4214100234582304
4214100234582312
4214100234582320
4214100234582338
4214100234582346
4214100234582353
4214100234582361
4214100234582387
4214100234582403
4214100234582411
4214100234582437
4214100234582445
4214100234582452
4214100234582460
4214100234582478
4214100234582486
4214100234582502
4214100234582510
4214100234582528
4214100234582536
4214100234582544
4214100234582551
4214100234582577
4214100234582585
4214100234582601
4214100234582627
4214100234582635
4214100234582643
4214100234582650
4214100234582668
4214100234582676
4214100234582684
4214100234582700
4214100234582718
4214100234582726
4214100234582734
4214100234582742
4214100234582767
4214100234582775
4214100234582783
4214100234582817
4214100234582825
4214100234582833
4214100234582841
4214100234582858
4214100234582866
4214100234582874
4214100234582882
4214100234583005
4214100234583013
4214100234583021
4214100234583047
4214100234583054
4214100234583062
4214100234583070
4214100234583088
4214100234583104
4214100234583112
4214100234583120
4214100234583138
4214100234583146
4214100234583153
4214100234583161
4214100234583187
4214100234583203
4214100234583211
4214100234583237
4214100234583245
4214100234583252
4214100234583260
4214100234583278
4214100234583286
4214100234583302
4214100234583310
4214100234583328
4214100234583336
4214100234583344
4214100234583351
4214100234583377
4214100234583385
4214100234583401
4214100234583427
4214100234583435
4214100234583443
4214100234583450
4214100234583468
4214100234583476
4214100234583484
4214100234583500
4214100234583518
4214100234583526
4214100234583534
4214100234583542
4214100234583567
4214100234583575
4214100234583583
4214100234583617
4214100234583625
4214100234583633
4214100234583641
4214100234583658
4214100234583666
4214100234583674
4214100234583682
4214100234583708
4214100234583716
4214100234583724
4214100234583732
4214100234583740
4214100234583757
4214100234583765
4214100234583773
4214100234583781
4214100234583807
4214100234583815
4214100234583823
4214100234583831
4214100234583856
4214100234583864
4214100234583872
4214100234583880
4214100234584003
4214100234584011
4214100234584037
4214100234584045
4214100234584052
4214100234584060
4214100234584078
4214100234584086
4214100234584102
4214100234584110
4214100234584128
4214100234584136
4214100234584144
4214100234584151
4214100234584177
4214100234584185
4214100234584201
4214100234584227
4214100234584235
4214100234584243
4214100234584250
4214100234584268
4214100234584276
4214100234584284
4214100234584300
4214100234584318
4214100234584326
4214100234584334
4214100234584342
4214100234584367
4214100234584375
4214100234584383
4214100234584417
4214100234584425
4214100234584433
4214100234584441
4214100234584458
4214100234584466
4214100234584474
4214100234584482
4214100234584508
4214100234584516
4214100234584524
4214100234584532
4214100234584540
4214100234584557
4214100234584565
4214100234584573
4214100234584581
4214100234584607
4214100234584615
4214100234584623
4214100234584631
4214100234584656
4214100234584664
4214100234584672
4214100234584680
4214100234584706
4214100234584714
4214100234584722
4214100234584730
4214100234584748
4214100234584755
4214100234584763
4214100234584771
4214100234584805
4214100234584813
4214100234584821
4214100234584847
4214100234584854
4214100234584862
4214100234584870
4214100234584888
4214100234585000
4214100234585018
4214100234585026
4214100234585034
4214100234585042
4214100234585067
4214100234585075
4214100234585083
4214100234585117
4214100234585125
4214100234585133
4214100234585141
4214100234585158
4214100234585166
4214100234585174
4214100234585182
4214100234585208
4214100234585216
4214100234585224
4214100234585232
4214100234585240
4214100234585257
4214100234585265
4214100234585273
4214100234585281
4214100234585307
4214100234585315
4214100234585323
4214100234585331
4214100234585356
4214100234585364
4214100234585372
4214100234585380
4214100234585406
4214100234585414
4214100234585422
4214100234585430
4214100234585448
4214100234585455
4214100234585463
4214100234585471
4214100234585505
4214100234585513
4214100234585521
4214100234585547
4214100234585554
4214100234585562
4214100234585570
4214100234585588
4214100234585604
4214100234585612
4214100234585620
4214100234585638
4214100234585646
4214100234585653
4214100234585661
4214100234585687
4214100234585703
4214100234585711
4214100234585737
4214100234585745
4214100234585752
4214100234585760
4214100234585778
4214100234585786
4214100234585802
4214100234585810
4214100234585828
4214100234585836
4214100234585844
4214100234585851
4214100234585877
4214100234585885
4214100234586008
4214100234586016
4214100234586024
4214100234586032
4214100234586040
4214100234586057
4214100234586065
4214100234586073
4214100234586081
4214100234586107
4214100234586115
4214100234586123
4214100234586131
4214100234586156
4214100234586164
4214100234586172
4214100234586180
4214100234586206
4214100234586214
4214100234586222
4214100234586230
4214100234586248
4214100234586255
4214100234586263
4214100234586271
4214100234586305
4214100234586313
4214100234586321
4214100234586347
4214100234586354
4214100234586362
4214100234586370
4214100234586388
4214100234586404
4214100234586412
4214100234586420
4214100234586438
4214100234586446
4214100234586453
4214100234586461
4214100234586487
4214100234586503
4214100234586511
4214100234586537
4214100234586545
4214100234586552
4214100234586560
4214100234586578
4214100234586586
4214100234586602
4214100234586610
4214100234586628
4214100234586636
4214100234586644
4214100234586651
4214100234586677
4214100234586685
4214100234586701
4214100234586727
4214100234586735
4214100234586743
4214100234586750
4214100234586768
4214100234586776
4214100234586784
4214100234586800
4214100234586818
4214100234586826
4214100234586834
4214100234586842
4214100234586867
4214100234586875
4214100234586883
4214100234587006
4214100234587014
4214100234587022
4214100234587030
4214100234587048
4214100234587055
4214100234587063
4214100234587071
4214100234587105
4214100234587113
4214100234587121
4214100234587147
4214100234587154
4214100234587162
4214100234587170
4214100234587188
4214100234587204
4214100234587212
4214100234587220
4214100234587238
4214100234587246
4214100234587253
4214100234587261
4214100234587287
4214100234587303
4214100234587311
4214100234587337
4214100234587345
4214100234587352
4214100234587360
4214100234587378
4214100234587386
4214100234587402
4214100234587410
4214100234587428
4214100234587436
4214100234587444
4214100234587451
4214100234587477
4214100234587485
4214100234587501
4214100234587527
4214100234587535
4214100234587543
4214100234587550
4214100234587568
4214100234587576
4214100234587584
4214100234587600
4214100234587618
4214100234587626
4214100234587634
4214100234587642
4214100234587667
4214100234587675
4214100234587683
4214100234587717
4214100234587725
4214100234587733
4214100234587741
4214100234587758
4214100234587766
4214100234587774
4214100234587782
4214100234587808
4214100234587816
4214100234587824
4214100234587832
4214100234587840
4214100234587857
4214100234587865
4214100234587873
4214100234587881
4214100234588004
4214100234588012
4214100234588020
4214100234588038
4214100234588046
4214100234588053
4214100234588061
4214100234588087
4214100234588103
4214100234588111
4214100234588137
4214100234588145
4214100234588152
4214100234588160
4214100234588178
4214100234588186
4214100234588202
4214100234588210
4214100234588228
4214100234588236
4214100234588244
4214100234588251
4214100234588277
4214100234588285
4214100234588301
4214100234588327
4214100234588335
4214100234588343
4214100234588350
4214100234588368
4214100234588376
4214100234588384
4214100234588400
4214100234588418
4214100234588426
4214100234588434
4214100234588442
4214100234588467
4214100234588475
4214100234588483
4214100234588517
4214100234588525
4214100234588533
4214100234588541
4214100234588558
4214100234588566
4214100234588574
4214100234588582
4214100234588608
4214100234588616
4214100234588624
4214100234588632
4214100234588640
4214100234588657
4214100234588665
4214100234588673
4214100234588681
4214100234588707
4214100234588715
4214100234588723
4214100234588731
4214100234588756
4214100234588764
4214100234588772
4214100234588780
4214100234588806
4214100234588814
4214100234588822
4214100234588830
4214100234588848
4214100234588855
4214100234588863
4214100234588871
