4214100245206406
4214100245206414
4214100245206422
4214100245206430
4214100245206448
4214100245206455
4214100245206463
4214100245206471
4214100245206505
4214100245206513
4214100245206521
4214100245206547
4214100245206554
4214100245206562
4214100245206570
4214100245206588
4214100245206604
4214100245206612
4214100245206620
4214100245206638
4214100245206646
4214100245206653
4214100245206661
4214100245206687
4214100245206703
4214100245206711
4214100245206737
4214100245206745
4214100245206752
4214100245206760
4214100245206778
4214100245206786
4214100245206802
4214100245206810
4214100245206828
4214100245206836
4214100245206844
4214100245206851
4214100245206877
4214100245206885
4214100245207008
4214100245207016
4214100245207024
4214100245207032
4214100245207040
4214100245207057
4214100245207065
4214100245207073
4214100245207081
4214100245207107
4214100245207115
4214100245207123
4214100245207131
4214100245207156
4214100245207164
4214100245207172
4214100245207180
4214100245207206
4214100245207214
4214100245207222
4214100245207230
4214100245207248
4214100245207255
4214100245207263
4214100245207271
4214100245207305
4214100245207313
4214100245207321
4214100245207347
4214100245207354
4214100245207362
4214100245207370
4214100245207388
4214100245207404
4214100245207412
4214100245207420
4214100245207438
4214100245207446
4214100245207453
4214100245207461
4214100245207487
4214100245207503
4214100245207511
4214100245207537
4214100245207545
4214100245207552
4214100245207560
4214100245207578
4214100245207586
4214100245207602
4214100245207610
4214100245207628
4214100245207636
4214100245207644
4214100245207651
4214100245207677
4214100245207685
4214100245207701
4214100245207727
4214100245207735
4214100245207743
4214100245207750
4214100245207768
4214100245207776
4214100245207784
4214100245207800
4214100245207818
4214100245207826
4214100245207834
4214100245207842
4214100245207867
4214100245207875
4214100245207883
4214100245208006
4214100245208014
4214100245208022
4214100245208030
4214100245208048
4214100245208055
4214100245208063
4214100245208071
4214100245208105
4214100245208113
4214100245208121
4214100245208147
4214100245208154
4214100245208162
4214100245208170
4214100245208188
4214100245208204
4214100245208212
4214100245208220
4214100245208238
4214100245208246
4214100245208253
4214100245208261
4214100245208287
4214100245208303
4214100245208311
4214100245208337
4214100245208345
4214100245208352
4214100245208360
4214100245208378
4214100245208386
4214100245208402
4214100245208410
4214100245208428
4214100245208436
4214100245208444
4214100245208451
4214100245208477
4214100245208485
4214100245208501
4214100245208527
4214100245208535
4214100245208543
4214100245208550
4214100245208568
4214100245208576
4214100245208584
4214100245208600
4214100245208618
4214100245208626
4214100245208634
4214100245208642
4214100245208667
4214100245208675
4214100245208683
4214100245208717
4214100245208725
4214100245208733
4214100245208741
4214100245208758
4214100245208766
4214100245208774
4214100245208782
4214100245208808
4214100245208816
4214100245208824
4214100245208832
4214100245208840
4214100245208857
4214100245208865
4214100245208873
4214100245208881
4214100245210002
4214100245210010
4214100245210028
4214100245210036
4214100245210044
4214100245210051
4214100245210077
4214100245210085
4214100245210101
4214100245210127
4214100245210135
4214100245210143
4214100245210150
4214100245210168
4214100245210176
4214100245210184
4214100245210200
4214100245210218
4214100245210226
4214100245210234
4214100245210242
4214100245210267
4214100245210275
4214100245210283
4214100245210317
4214100245210325
4214100245210333
4214100245210341
4214100245210358
4214100245210366
4214100245210374
4214100245210382
4214100245210408
4214100245210416
4214100245210424
4214100245210432
4214100245210440
4214100245210457
4214100245210465
4214100245210473
4214100245210481
4214100245210507
4214100245210515
4214100245210523
4214100245210531
4214100245210556
4214100245210564
4214100245210572
4214100245210580
4214100245210606
4214100245210614
4214100245210622
4214100245210630
4214100245210648
4214100245210655
4214100245210663
4214100245210671
4214100245210705
4214100245210713
4214100245210721
4214100245210747
4214100245210754
4214100245210762
4214100245210770
4214100245210788
4214100245210804
4214100245210812
4214100245210820
4214100245210838
4214100245210846
4214100245210853
4214100245210861
4214100245210887
4214100245211000
4214100245211018
4214100245211026
4214100245211034
4214100245211042
4214100245211067
4214100245211075
4214100245211083
4214100245211117
4214100245211125
4214100245211133
4214100245211141
4214100245211158
4214100245211166
4214100245211174
4214100245211182
4214100245211208
4214100245211216
4214100245211224
4214100245211232
4214100245211240
4214100245211257
4214100245211265
4214100245211273
4214100245211281
4214100245211307
4214100245211315
4214100245211323
4214100245211331
4214100245211356
4214100245211364
4214100245211372
4214100245211380
4214100245211406
4214100245211414
4214100245211422
4214100245211430
4214100245211448
4214100245211455
4214100245211463
4214100245211471
4214100245211505
4214100245211513
4214100245211521
4214100245211547
4214100245211554
4214100245211562
4214100245211570
4214100245211588
4214100245211604
4214100245211612
4214100245211620
4214100245211638
4214100245211646
4214100245211653
4214100245211661
4214100245211687
4214100245211703
4214100245211711
4214100245211737
4214100245211745
4214100245211752
4214100245211760
4214100245211778
4214100245211786
4214100245211802
4214100245211810
4214100245211828
4214100245211836
4214100245211844
4214100245211851
4214100245211877
4214100245211885
4214100245212008
4214100245212016
4214100245212024
4214100245212032
4214100245212040
4214100245212057
4214100245212065
4214100245212073
4214100245212081
4214100245212107
4214100245212115
4214100245212123
4214100245212131
4214100245212156
4214100245212164
4214100245212172
4214100245212180
4214100245212206
4214100245212214
4214100245212222
4214100245212230
4214100245212248
4214100245212255
4214100245212263
4214100245212271
4214100245212305
4214100245212313
4214100245212321
4214100245212347
4214100245212354
4214100245212362
4214100245212370
4214100245212388
4214100245212404
4214100245212412
4214100245212420
4214100245212438
4214100245212446
4214100245212453
4214100245212461
4214100245212487
4214100245212503
4214100245212511
4214100245212537
4214100245212545
4214100245212552
4214100245212560
4214100245212578
4214100245212586
4214100245212602
4214100245212610
4214100245212628
4214100245212636
4214100245212644
4214100245212651
4214100245212677
4214100245212685
4214100245212701
4214100245212727
4214100245212735
4214100245212743
4214100245212750
4214100245212768
4214100245212776
4214100245212784
4214100245212800
4214100245212818
4214100245212826
4214100245212834
4214100245212842
4214100245212867
4214100245212875
4214100245212883
4214100245213006
4214100245213014
4214100245213022
4214100245213030
4214100245213048
4214100245213055
4214100245213063
4214100245213071
4214100245213105
4214100245213113
4214100245213121
4214100245213147
4214100245213154
4214100245213162
4214100245213170
4214100245213188
4214100245213204
4214100245213212
4214100245213220
4214100245213238
4214100245213246
4214100245213253
4214100245213261
4214100245213287
4214100245213303
4214100245213311
4214100245213337
4214100245213345
4214100245213352
4214100245213360
4214100245213378
4214100245213386
4214100245213402
4214100245213410
4214100245213428
4214100245213436
4214100245213444
4214100245213451
4214100245213477
4214100245213485
4214100245213501
4214100245213527
4214100245213535
4214100245213543
4214100245213550
4214100245213568
4214100245213576
4214100245213584
4214100245213600
4214100245213618
4214100245213626
4214100245213634
4214100245213642
4214100245213667
4214100245213675
4214100245213683
4214100245213717
4214100245213725
4214100245213733
4214100245213741
4214100245213758
4214100245213766
4214100245213774
4214100245213782
4214100245213808
4214100245213816
4214100245213824
4214100245213832
4214100245213840
4214100245213857
4214100245213865
4214100245213873
4214100245213881
4214100245214004
4214100245214012
4214100245214020
4214100245214038
4214100245214046
4214100245214053
4214100245214061
4214100245214087
4214100245214103
4214100245214111
4214100245214137
4214100245214145
4214100245214152
4214100245214160
4214100245214178
4214100245214186
4214100245214202
4214100245214210
4214100245214228
4214100245214236
4214100245214244
4214100245214251
4214100245214277
4214100245214285
4214100245214301
4214100245214327
4214100245214335
4214100245214343
4214100245214350
4214100245214368
4214100245214376
4214100245214384
4214100245214400
4214100245214418
4214100245214426
4214100245214434
4214100245214442
4214100245214467
4214100245214475
4214100245214483
4214100245214517
4214100245214525
4214100245214533
4214100245214541
4214100245214558
4214100245214566
4214100245214574
4214100245214582
4214100245214608
4214100245214616
4214100245214624
4214100245214632
4214100245214640
4214100245214657
4214100245214665
4214100245214673
4214100245214681
4214100245214707
4214100245214715
4214100245214723
4214100245214731
4214100245214756
4214100245214764
4214100245214772
4214100245214780
4214100245214806
4214100245214814
4214100245214822
4214100245214830
4214100245214848
4214100245214855
4214100245214863
4214100245214871
4214100245215001
4214100245215027
4214100245215035
4214100245215043
4214100245215050
4214100245215068
4214100245215076
4214100245215084
4214100245215100
4214100245215118
4214100245215126
4214100245215134
4214100245215142
4214100245215167
4214100245215175
4214100245215183
4214100245215217
4214100245215225
4214100245215233
4214100245215241
4214100245215258
4214100245215266
4214100245215274
4214100245215282
4214100245215308
4214100245215316
4214100245215324
4214100245215332
4214100245215340
4214100245215357
4214100245215365
4214100245215373
4214100245215381
4214100245215407
4214100245215415
4214100245215423
4214100245215431
4214100245215456
4214100245215464
4214100245215472
4214100245215480
4214100245215506
4214100245215514
4214100245215522
4214100245215530
4214100245215548
4214100245215555
4214100245215563
4214100245215571
4214100245215605
4214100245215613
4214100245215621
4214100245215647
4214100245215654
4214100245215662
4214100245215670
4214100245215688
4214100245215704
4214100245215712
4214100245215720
4214100245215738
4214100245215746
4214100245215753
4214100245215761
4214100245215787
4214100245215803
4214100245215811
4214100245215837
4214100245215845
4214100245215852
4214100245215860
4214100245215878
4214100245215886
4214100245216017
4214100245216025
4214100245216033
4214100245216041
4214100245216058
4214100245216066
4214100245216074
4214100245216082
4214100245216108
4214100245216116
4214100245216124
4214100245216132
4214100245216140
4214100245216157
4214100245216165
4214100245216173
4214100245216181
4214100245216207
4214100245216215
4214100245216223
4214100245216231
4214100245216256
4214100245216264
4214100245216272
4214100245216280
4214100245216306
4214100245216314
4214100245216322
4214100245216330
4214100245216348
4214100245216355
4214100245216363
4214100245216371
4214100245216405
4214100245216413
4214100245216421
4214100245216447
4214100245216454
4214100245216462
4214100245216470
4214100245216488
4214100245216504
4214100245216512
4214100245216520
4214100245216538
4214100245216546
4214100245216553
4214100245216561
4214100245216587
4214100245216603
4214100245216611
4214100245216637
4214100245216645
4214100245216652
4214100245216660
4214100245216678
4214100245216686
4214100245216702
4214100245216710
4214100245216728
4214100245216736
4214100245216744
4214100245216751
4214100245216777
4214100245216785
4214100245216801
4214100245216827
4214100245216835
4214100245216843
4214100245216850
4214100245216868
4214100245216876
4214100245216884
4214100245217007
4214100245217015
4214100245217023
4214100245217031
4214100245217056
4214100245217064
4214100245217072
4214100245217080
4214100245217106
4214100245217114
4214100245217122
4214100245217130
4214100245217148
4214100245217155
4214100245217163
4214100245217171
4214100245217205
4214100245217213
4214100245217221
4214100245217247
4214100245217254
4214100245217262
4214100245217270
4214100245217288
4214100245217304
4214100245217312
4214100245217320
4214100245217338
4214100245217346
4214100245217353
4214100245217361
4214100245217387
4214100245217403
4214100245217411
4214100245217437
4214100245217445
4214100245217452
4214100245217460
4214100245217478
4214100245217486
4214100245217502
4214100245217510
4214100245217528
4214100245217536
4214100245217544
4214100245217551
4214100245217577
4214100245217585
4214100245217601
4214100245217627
4214100245217635
4214100245217643
4214100245217650
4214100245217668
4214100245217676
4214100245217684
4214100245217700
4214100245217718
4214100245217726
4214100245217734
4214100245217742
4214100245217767
4214100245217775
4214100245217783
4214100245217817
4214100245217825
4214100245217833
4214100245217841
4214100245217858
4214100245217866
4214100245217874
4214100245217882
4214100245218005
4214100245218013
4214100245218021
4214100245218047
4214100245218054
4214100245218062
4214100245218070
4214100245218088
4214100245218104
4214100245218112
4214100245218120
4214100245218138
4214100245218146
4214100245218153
4214100245218161
4214100245218187
4214100245218203
4214100245218211
4214100245218237
4214100245218245
4214100245218252
4214100245218260
4214100245218278
4214100245218286
4214100245218302
4214100245218310
4214100245218328
4214100245218336
4214100245218344
4214100245218351
4214100245218385
4214100245218401
4214100245218427
4214100245218435
4214100245218443
4214100245218450
4214100245218468
4214100245218476
4214100245218484
4214100245218500
4214100245218518
4214100245218526
4214100245218534
4214100245218542
4214100245218567
4214100245218575
4214100245218583
4214100245218617
4214100245218625
4214100245218633
4214100245218641
4214100245218658
4214100245218666
4214100245218674
4214100245218682
4214100245218708
4214100245218716
4214100245218724
4214100245218732
4214100245218740
4214100245218757
4214100245218765
4214100245218773
4214100245218781
4214100245218807
4214100245218815
4214100245218823
4214100245218831
4214100245218856
4214100245218864
4214100245218872
4214100245218880
4214100245220001
4214100245220027
4214100245220035
4214100245220043
4214100245220050
4214100245220068
4214100245220076
4214100245220084
4214100245220100
4214100245220118
4214100245220126
4214100245220134
4214100245220142
4214100245220167
4214100245220175
4214100245220183
4214100245220217
4214100245220225
4214100245220233
4214100245220241
4214100245220258
4214100245220266
4214100245220274
4214100245220282
4214100245220308
4214100245220316
4214100245220324
4214100245220332
4214100245220340
4214100245220357
4214100245220365
4214100245220373
4214100245220381
4214100245220407
4214100245220415
4214100245220423
4214100245220431
4214100245220456
4214100245220464
4214100245220472
4214100245220480
4214100245220506
4214100245220514
4214100245220522
4214100245220530
4214100245220548
4214100245220555
4214100245220563
4214100245220571
4214100245220605
4214100245220613
4214100245220621
4214100245220647
4214100245220654
4214100245220662
4214100245220670
4214100245220688
4214100245220704
4214100245220712
4214100245220720
4214100245220738
4214100245220746
4214100245220753
4214100245220761
4214100245220787
4214100245220803
4214100245220811
4214100245220837
4214100245220845
4214100245220852
4214100245220860
4214100245220878
4214100245220886
4214100245221017
4214100245221025
4214100245221033
4214100245221041
4214100245221058
4214100245221066
4214100245221074
4214100245221082
4214100245221108
4214100245221116
4214100245221124
4214100245221132
4214100245221140
4214100245221157
4214100245221165
4214100245221173
4214100245221181
4214100245221207
4214100245221215
4214100245221223
4214100245221231
4214100245221256
4214100245221264
4214100245221272
4214100245221280
4214100245221306
4214100245221314
4214100245221322
4214100245221330
4214100245221348
4214100245221355
4214100245221363
4214100245221371
4214100245221405
4214100245221413
4214100245221421
4214100245221447
4214100245221454
4214100245221462
4214100245221470
4214100245221488
4214100245221504
4214100245221512
4214100245221520
4214100245221538
4214100245221546
4214100245221553
4214100245221561
4214100245221587
4214100245221603
4214100245221611
4214100245221637
4214100245221645
4214100245221652
4214100245221660
4214100245221678
4214100245221686
4214100245221702
4214100245221710
4214100245221728
4214100245221736
4214100245221744
4214100245221751
4214100245221777
4214100245221785
4214100245221801
4214100245221827
4214100245221835
4214100245221843
4214100245221850
4214100245221868
4214100245221876
4214100245221884
4214100245222007
4214100245222015
4214100245222023
4214100245222031
4214100245222056
4214100245222064
4214100245222072
4214100245222080
4214100245222106
4214100245222114
4214100245222122
4214100245222130
4214100245222148
4214100245222155
4214100245222163
4214100245222171
4214100245222205
4214100245222213
4214100245222221
4214100245222247
4214100245222254
4214100245222262
4214100245222270
4214100245222288
4214100245222304
4214100245222312
4214100245222320
4214100245222338
4214100245222346
4214100245222353
4214100245222361
4214100245222387
4214100245222403
4214100245222411
4214100245222437
4214100245222445
4214100245222452
4214100245222460
4214100245222478
4214100245222486
4214100245222502
4214100245222510
4214100245222528
4214100245222536
4214100245222544
4214100245222551
4214100245222577
4214100245222585
4214100245222601
4214100245222627
4214100245222635
4214100245222643
4214100245222650
4214100245222668
4214100245222676
4214100245222684
4214100245222700
4214100245222718
4214100245222726
4214100245222734
4214100245222742
4214100245222767
4214100245222775
4214100245222783
4214100245222817
4214100245222825
4214100245222833
4214100245222841
4214100245222858
4214100245222866
4214100245222874
4214100245222882
4214100245223005
4214100245223013
4214100245223021
4214100245223047
4214100245223054
4214100245223062
4214100245223070
4214100245223088
4214100245223104
4214100245223112
4214100245223120
4214100245223138
4214100245223146
4214100245223153
4214100245223161
4214100245223187
4214100245223203
4214100245223211
4214100245223237
4214100245223245
4214100245223252
4214100245223260
4214100245223278
4214100245223286
4214100245223302
4214100245223310
4214100245223328
4214100245223336
4214100245223344
4214100245223351
4214100245223377
4214100245223385
4214100245223401
4214100245223427
4214100245223435
4214100245223443
4214100245223450
4214100245223468
4214100245223476
4214100245223484
4214100245223500
4214100245223518
4214100245223526
4214100245223534
4214100245223542
4214100245223567
4214100245223575
4214100245223583
4214100245223617
4214100245223625
4214100245223633
4214100245223641
4214100245223658
4214100245223666
4214100245223674
4214100245223682
4214100245223708
4214100245223716
4214100245223724
4214100245223732
4214100245223740
4214100245223757
4214100245223765
4214100245223773
4214100245223781
4214100245223807
4214100245223815
4214100245223823
4214100245223831
4214100245223856
4214100245223864
4214100245223872
4214100245223880
4214100245224003
4214100245224011
4214100245224037
4214100245224045
4214100245224052
4214100245224060
4214100245224078
4214100245224086
4214100245224102
4214100245224110
4214100245224128
4214100245224136
4214100245224144
4214100245224151
4214100245224177
4214100245224185
4214100245224201
4214100245224227
4214100245224235
4214100245224243
4214100245224250
4214100245224268
4214100245224276
4214100245224284
4214100245224300
4214100245224318
4214100245224326
4214100245224334
4214100245224342
4214100245224367
4214100245224375
4214100245224383
4214100245224417
4214100245224425
4214100245224433
4214100245224441
4214100245224458
4214100245224466
4214100245224474
4214100245224482
4214100245224508
4214100245224516
4214100245224524
4214100245224532
4214100245224540
4214100245224557
4214100245224565
4214100245224573
4214100245224581
4214100245224607
4214100245224615
4214100245224623
4214100245224631
4214100245224656
4214100245224664
4214100245224672
4214100245224680
4214100245224706
4214100245224714
4214100245224722
4214100245224730
4214100245224748
4214100245224755
4214100245224763
4214100245224771
4214100245224805
4214100245224813
4214100245224821
4214100245224847
4214100245224854
4214100245224862
4214100245224870
4214100245224888
4214100245225000
4214100245225018
4214100245225026
4214100245225034
4214100245225042
4214100245225067
4214100245225075
4214100245225083
4214100245225117
4214100245225125
4214100245225133
4214100245225141
4214100245225158
4214100245225166
4214100245225174
4214100245225182
4214100245225208
4214100245225216
4214100245225224
4214100245225232
4214100245225240
4214100245225257
4214100245225265
4214100245225273
4214100245225281
4214100245225307
4214100245225315
4214100245225323
4214100245225331
4214100245225356
4214100245225364
4214100245225372
4214100245225380
4214100245225406
4214100245225414
4214100245225422
4214100245225430
4214100245225448
4214100245225455
4214100245225463
4214100245225471
4214100245225505
4214100245225513
4214100245225521
4214100245225547
4214100245225554
4214100245225562
4214100245225570
4214100245225588
4214100245225604
4214100245225612
4214100245225620
4214100245225638
4214100245225646
4214100245225653
4214100245225661
4214100245225687
4214100245225703
4214100245225711
4214100245225737
4214100245225745
4214100245225752
4214100245225760
4214100245225778
4214100245225786
4214100245225802
4214100245225810
4214100245225828
4214100245225836
4214100245225844
4214100245225851
4214100245225877
4214100245225885
4214100245226008
4214100245226016
4214100245226024
4214100245226032
4214100245226040
4214100245226057
4214100245226065
4214100245226073
4214100245226081
4214100245226107
4214100245226115
4214100245226123
4214100245226131
4214100245226156
4214100245226164
4214100245226172
4214100245226180
4214100245226206
4214100245226214
4214100245226222
4214100245226230
4214100245226248
4214100245226255
4214100245226263
4214100245226271
4214100245226305
4214100245226313
4214100245226321
4214100245226347
4214100245226354
4214100245226362
4214100245226370
4214100245226388
4214100245226404
4214100245226412
4214100245226420
4214100245226438
4214100245226446
4214100245226453
4214100245226461
4214100245226487
4214100245226503
4214100245226511
4214100245226537
4214100245226545
4214100245226552
4214100245226560
4214100245226578
4214100245226586
4214100245226602
4214100245226610
4214100245226628
4214100245226636
4214100245226644
4214100245226651
4214100245226677
4214100245226685
4214100245226701
4214100245226727
4214100245226735
4214100245226743
4214100245226750
4214100245226768
4214100245226776
4214100245226784
4214100245226800
4214100245226818
4214100245226826
4214100245226834
4214100245226842
4214100245226867
4214100245226875
4214100245226883
4214100245227006
4214100245227014
4214100245227022
4214100245227030
4214100245227048
4214100245227055
4214100245227063
4214100245227071
4214100245227105
4214100245227113
4214100245227121
4214100245227147
4214100245227154
4214100245227162
4214100245227170
4214100245227188
4214100245227204
4214100245227212
4214100245227220
4214100245227238
4214100245227246
4214100245227253
4214100245227261
4214100245227287
4214100245227303
4214100245227311
4214100245227337
4214100245227345
4214100245227352
4214100245227360
4214100245227378
4214100245227386
4214100245227402
4214100245227410
4214100245227428
4214100245227436
4214100245227444
4214100245227451
4214100245227477
4214100245227485
4214100245227501
4214100245227527
4214100245227535
4214100245227543
4214100245227550
4214100245227568
4214100245227576
4214100245227584
4214100245227600
4214100245227618
4214100245227626
4214100245227634
4214100245227642
4214100245227667
4214100245227675
4214100245227683
4214100245227717
4214100245227725
4214100245227733
4214100245227741
4214100245227758
4214100245227766
4214100245227774
4214100245227782
4214100245227808
4214100245227816
4214100245227824
4214100245227832
4214100245227840
4214100245227857
4214100245227865
4214100245227873
4214100245227881
4214100245228004
4214100245228012
4214100245228020
4214100245228038
4214100245228046
4214100245228053
4214100245228061
4214100245228087
4214100245228103
4214100245228111
4214100245228137
4214100245228145
4214100245228152
4214100245228160
4214100245228178
4214100245228186
4214100245228202
4214100245228210
4214100245228228
4214100245228236
4214100245228244
4214100245228251
4214100245228277
4214100245228285
4214100245228301
4214100245228327
4214100245228335
4214100245228343
4214100245228350
4214100245228368
4214100245228376
4214100245228384
4214100245228400
4214100245228418
4214100245228426
4214100245228434
4214100245228442
4214100245228467
4214100245228475
4214100245228483
4214100245228517
4214100245228525
4214100245228533
4214100245228541
4214100245228558
4214100245228566
4214100245228574
4214100245228582
4214100245228608
4214100245228616
4214100245228624
4214100245228632
4214100245228640
4214100245228657
4214100245228665
4214100245228673
4214100245228681
4214100245228707
4214100245228715
4214100245228723
4214100245228731
4214100245228756
4214100245228764
4214100245228772
4214100245228780
4214100245228806
4214100245228814
4214100245228822
4214100245228830
4214100245228848
4214100245228855
4214100245228863
4214100245228871
4214100245230000
4214100245230018
4214100245230026
4214100245230034
4214100245230042
4214100245230067
4214100245230075
4214100245230083
4214100245230117
4214100245230125
4214100245230133
4214100245230141
4214100245230158
4214100245230166
4214100245230174
4214100245230182
4214100245230208
4214100245230216
4214100245230224
4214100245230232
4214100245230240
4214100245230257
4214100245230265
4214100245230273
4214100245230281
4214100245230307
4214100245230315
4214100245230323
4214100245230331
4214100245230356
4214100245230364
4214100245230372
4214100245230380
4214100245230406
4214100245230414
4214100245230422
4214100245230430
4214100245230448
4214100245230455
4214100245230463
4214100245230471
4214100245230505
4214100245230513
4214100245230521
4214100245230547
4214100245230554
4214100245230562
4214100245230570
4214100245230588
4214100245230604
4214100245230612
4214100245230620
4214100245230638
4214100245230646
4214100245230653
4214100245230661
4214100245230687
4214100245230703
4214100245230711
4214100245230737
4214100245230745
4214100245230752
4214100245230760
4214100245230778
4214100245230786
4214100245230802
4214100245230810
4214100245230828
4214100245230836
4214100245230844
4214100245230851
4214100245230877
4214100245230885
4214100245231008
4214100245231016
4214100245231024
4214100245231032
4214100245231040
4214100245231057
4214100245231065
4214100245231073
4214100245231081
4214100245231107
4214100245231115
4214100245231123
4214100245231131
4214100245231156
4214100245231164
4214100245231172
4214100245231180
4214100245231206
4214100245231214
4214100245231222
4214100245231230
4214100245231248
4214100245231255
4214100245231263
4214100245231271
4214100245231305
4214100245231313
4214100245231321
4214100245231347
4214100245231354
4214100245231362
4214100245231370
4214100245231388
4214100245231404
4214100245231412
4214100245231420
4214100245231438
4214100245231446
4214100245231453
4214100245231461
4214100245231487
4214100245231503
4214100245231511
4214100245231537
4214100245231545
4214100245231552
4214100245231560
4214100245231578
4214100245231586
4214100245231602
4214100245231610
4214100245231628
4214100245231636
4214100245231644
4214100245231651
4214100245231677
4214100245231685
4214100245231701
4214100245231727
4214100245231735
4214100245231743
4214100245231750
4214100245231768
4214100245231776
4214100245231784
4214100245231800
4214100245231818
4214100245231826
4214100245231834
4214100245231842
4214100245231867
4214100245231875
4214100245231883
4214100245232006
4214100245232014
4214100245232022
4214100245232030
4214100245232048
4214100245232055
4214100245232063
4214100245232071
4214100245232105
4214100245232113
4214100245232121
4214100245232147
4214100245232154
4214100245232162
4214100245232170
4214100245232188
4214100245232204
4214100245232212
4214100245232220
4214100245232238
4214100245232246
4214100245232253
4214100245232261
4214100245232287
4214100245232303
4214100245232311
4214100245232337
4214100245232345
4214100245232352
4214100245232360
4214100245232378
4214100245232386
4214100245232402
4214100245232410
4214100245232428
4214100245232436
4214100245232444
4214100245232451
4214100245232477
4214100245232485
4214100245232501
4214100245232527
4214100245232535
4214100245232543
4214100245232550
4214100245232568
4214100245232576
4214100245232584
4214100245232600
4214100245232618
4214100245232626
4214100245232634
4214100245232642
4214100245232667
4214100245232675
4214100245232683
4214100245232717
4214100245232725
4214100245232733
4214100245232741
4214100245232758
4214100245232766
4214100245232774
4214100245232782
4214100245232808
4214100245232816
4214100245232824
4214100245232832
4214100245232840
4214100245232857
4214100245232865
4214100245232873
4214100245232881
4214100245233004
4214100245233012
4214100245233020
4214100245233038
4214100245233046
4214100245233053
4214100245233061
4214100245233087
4214100245233103
4214100245233111
4214100245233137
4214100245233145
4214100245233152
4214100245233160
4214100245233178
4214100245233186
4214100245233202
4214100245233210
4214100245233228
4214100245233236
4214100245233244
4214100245233251
4214100245233277
4214100245233285
4214100245233301
4214100245233327
4214100245233335
4214100245233343
4214100245233350
4214100245233368
4214100245233376
4214100245233384
4214100245233400
4214100245233418
4214100245233426
4214100245233434
4214100245233442
4214100245233467
4214100245233475
4214100245233483
4214100245233517
4214100245233525
4214100245233533
4214100245233541
4214100245233558
4214100245233566
4214100245233574
4214100245233582
4214100245233608
4214100245233616
4214100245233624
4214100245233632
4214100245233640
4214100245233657
4214100245233665
4214100245233673
4214100245233681
4214100245233707
4214100245233715
4214100245233723
4214100245233731
4214100245233756
4214100245233764
4214100245233772
4214100245233780
4214100245233806
4214100245233814
4214100245233822
4214100245233830
4214100245233848
4214100245233855
4214100245233863
4214100245233871
4214100245234002
4214100245234010
4214100245234028
4214100245234036
4214100245234044
4214100245234051
4214100245234077
4214100245234085
4214100245234101
4214100245234127
4214100245234135
4214100245234143
4214100245234150
4214100245234168
4214100245234176
4214100245234184
4214100245234200
4214100245234218
4214100245234226
4214100245234234
4214100245234242
4214100245234267
4214100245234275
4214100245234283
4214100245234317
4214100245234325
4214100245234333
4214100245234341
4214100245234358
4214100245234366
4214100245234374
4214100245234382
4214100245234408
4214100245234416
4214100245234424
4214100245234432
4214100245234440
4214100245234457
4214100245234465
4214100245234473
4214100245234481
4214100245234507
4214100245234515
4214100245234523
4214100245234531
4214100245234556
4214100245234564
4214100245234572
4214100245234580
4214100245234606
4214100245234614
4214100245234622
4214100245234630
4214100245234648
4214100245234655
4214100245234663
4214100245234671
4214100245234705
4214100245234713
4214100245234721
4214100245234747
4214100245234754
4214100245234762
4214100245234770
4214100245234788
4214100245234804
4214100245234812
4214100245234820
4214100245234838
4214100245234846
4214100245234853
4214100245234861
4214100245234887
4214100245235017
4214100245235025
4214100245235033
4214100245235041
4214100245235058
4214100245235066
4214100245235074
4214100245235082
4214100245235108
4214100245235116
4214100245235124
4214100245235132
4214100245235140
4214100245235157
4214100245235165
4214100245235173
4214100245235181
4214100245235207
4214100245235215
4214100245235223
4214100245235231
4214100245235256
4214100245235264
4214100245235272
4214100245235280
4214100245235306
4214100245235314
4214100245235322
4214100245235330
4214100245235348
4214100245235355
4214100245235363
4214100245235371
4214100245235405
4214100245235413
4214100245235421
4214100245235447
4214100245235454
4214100245235462
4214100245235470
4214100245235488
4214100245235504
4214100245235512
4214100245235520
4214100245235538
4214100245235546
4214100245235553
4214100245235561
4214100245235587
4214100245235603
4214100245235611
4214100245235637
4214100245235645
4214100245235652
4214100245235660
4214100245235678
4214100245235686
4214100245235702
4214100245235710
4214100245235728
4214100245235736
4214100245235744
4214100245235751
4214100245235777
4214100245235785
4214100245235801
4214100245235827
4214100245235835
4214100245235843
4214100245235850
4214100245235868
4214100245235876
4214100245235884
4214100245236007
4214100245236015
4214100245236023
4214100245236031
4214100245236056
4214100245236064
4214100245236072
4214100245236080
4214100245236106
4214100245236114
4214100245236122
4214100245236130
4214100245236148
4214100245236155
4214100245236163
4214100245236171
4214100245236205
4214100245236213
4214100245236221
4214100245236247
4214100245236254
4214100245236262
4214100245236270
4214100245236288
4214100245236304
4214100245236312
4214100245236320
4214100245236338
4214100245236346
4214100245236353
4214100245236361
4214100245236387
4214100245236403
4214100245236411
4214100245236437
4214100245236445
4214100245236452
4214100245236460
4214100245236478
4214100245236486
4214100245236502
4214100245236510
4214100245236528
4214100245236536
4214100245236544
4214100245236551
4214100245236577
4214100245236585
4214100245236601
4214100245236627
4214100245236635
4214100245236643
4214100245236650
4214100245236668
4214100245236676
4214100245236684
4214100245236700
4214100245236718
4214100245236726
4214100245236734
4214100245236742
4214100245236767
4214100245236775
4214100245236783
4214100245236817
4214100245236825
4214100245236833
4214100245236841
4214100245236858
4214100245236866
4214100245236874
4214100245236882
4214100245237005
4214100245237013
4214100245237021
4214100245237047
4214100245237054
4214100245237062
4214100245237070
4214100245237088
4214100245237104
4214100245237112
4214100245237120
4214100245237138
4214100245237146
4214100245237153
4214100245237161
4214100245237187
4214100245237203
4214100245237211
4214100245237237
4214100245237245
4214100245237252
4214100245237260
4214100245237278
4214100245237286
4214100245237302
4214100245237310
4214100245237328
4214100245237336
4214100245237344
4214100245237351
4214100245237377
4214100245237385
4214100245237401
4214100245237427
4214100245237435
4214100245237443
4214100245237450
4214100245237468
4214100245237476
4214100245237484
4214100245237500
4214100245237518
4214100245237526
4214100245237534
4214100245237542
4214100245237567
4214100245237575
4214100245237583
4214100245237617
4214100245237625
4214100245237633
4214100245237641
4214100245237658
4214100245237666
4214100245237674
4214100245237682
4214100245237708
4214100245237716
4214100245237724
4214100245237732
4214100245237740
4214100245237757
4214100245237765
4214100245237773
4214100245237781
4214100245237807
4214100245237815
4214100245237823
4214100245237831
4214100245237856
4214100245237864
4214100245237872
4214100245237880
4214100245238003
4214100245238011
4214100245238037
4214100245238045
4214100245238052
4214100245238060
4214100245238078
4214100245238086
4214100245238102
4214100245238110
4214100245238128
4214100245238136
4214100245238144
4214100245238151
4214100245238177
4214100245238185
4214100245238201
4214100245238227
4214100245238235
4214100245238243
4214100245238250
4214100245238268
4214100245238276
4214100245238284
4214100245238300
4214100245238318
4214100245238326
4214100245238334
4214100245238342
4214100245238367
4214100245238375
4214100245238383
4214100245238417
4214100245238425
4214100245238433
4214100245238441
4214100245238458
4214100245238466
4214100245238474
4214100245238482
4214100245238508
4214100245238516
4214100245238524
4214100245238532
4214100245238540
4214100245238557
4214100245238565
4214100245238573
4214100245238581
4214100245238607
4214100245238615
4214100245238623
4214100245238631
4214100245238656
4214100245238664
4214100245238672
4214100245238680
4214100245238706
4214100245238714
4214100245238722
4214100245238730
4214100245238748
4214100245238755
4214100245238763
4214100245238771
4214100245238805
4214100245238813
4214100245238821
4214100245238847
4214100245238854
4214100245238862
4214100245238870
4214100245238888
4214100245240017
4214100245240025
4214100245240033
4214100245240041
4214100245240058
4214100245240066
4214100245240074
4214100245240082
4214100245240108
4214100245240116
4214100245240124
4214100245240132
4214100245240140
4214100245240157
4214100245240165
4214100245240173
4214100245240181
4214100245240207
4214100245240215
4214100245240223
4214100245240231
4214100245240256
4214100245240264
4214100245240272
4214100245240280
4214100245240306
4214100245240314
4214100245240322
4214100245240330
4214100245240348
4214100245240355
4214100245240363
4214100245240371
4214100245240405
4214100245240413
4214100245240421
4214100245240447
4214100245240454
4214100245240462
4214100245240470
4214100245240488
4214100245240504
4214100245240512
4214100245240520
4214100245240538
4214100245240546
4214100245240553
4214100245240561
4214100245240587
4214100245240603
4214100245240611
4214100245240637
4214100245240645
4214100245240652
4214100245240660
4214100245240678
4214100245240686
4214100245240702
4214100245240710
4214100245240728
4214100245240736
4214100245240744
4214100245240751
4214100245240777
4214100245240785
4214100245240801
4214100245240827
4214100245240835
4214100245240843
4214100245240850
4214100245240868
4214100245240876
4214100245240884
4214100245241007
4214100245241015
4214100245241023
4214100245241031
4214100245241056
4214100245241064
4214100245241072
4214100245241080
4214100245241106
4214100245241114
4214100245241122
4214100245241130
4214100245241148
4214100245241155
4214100245241163
4214100245241171
4214100245241205
4214100245241213
4214100245241221
4214100245241247
4214100245241254
4214100245241262
4214100245241270
4214100245241288
4214100245241304
4214100245241312
4214100245241320
4214100245241338
4214100245241346
4214100245241353
4214100245241361
4214100245241387
4214100245241403
4214100245241411
4214100245241437
4214100245241445
4214100245241452
4214100245241460
4214100245241478
4214100245241486
4214100245241502
4214100245241510
4214100245241528
4214100245241536
4214100245241544
4214100245241551
4214100245241577
4214100245241585
4214100245241601
4214100245241627
4214100245241635
4214100245241643
4214100245241650
4214100245241668
4214100245241676
4214100245241684
4214100245241700
4214100245241718
4214100245241726
4214100245241734
4214100245241742
4214100245241767
4214100245241775
4214100245241783
4214100245241817
4214100245241825
4214100245241833
4214100245241841
4214100245241858
4214100245241866
4214100245241874
4214100245241882
4214100245242005
4214100245242013
4214100245242021
4214100245242047
4214100245242054
4214100245242062
4214100245242070
4214100245242088
4214100245242104
4214100245242112
4214100245242120
4214100245242138
4214100245242146
4214100245242153
4214100245242161
4214100245242187
4214100245242203
4214100245242211
4214100245242237
4214100245242245
4214100245242252
4214100245242260
4214100245242278
4214100245242286
4214100245242302
4214100245242310
4214100245242328
4214100245242336
4214100245242344
4214100245242351
4214100245242377
4214100245242385
4214100245242401
4214100245242427
4214100245242435
4214100245242443
4214100245242450
4214100245242468
4214100245242476
4214100245242484
4214100245242500
4214100245242518
4214100245242526
4214100245242534
4214100245242542
4214100245242567
4214100245242575
4214100245242583
4214100245242617
4214100245242625
4214100245242633
4214100245242641
4214100245242658
4214100245242666
4214100245242674
4214100245242682
4214100245242708
4214100245242716
4214100245242724
4214100245242732
4214100245242740
4214100245242757
4214100245242765
4214100245242773
4214100245242781
4214100245242807
4214100245242815
4214100245242823
4214100245242831
4214100245242856
4214100245242864
4214100245242872
4214100245242880
4214100245243003
4214100245243011
4214100245243037
4214100245243045
4214100245243052
4214100245243060
4214100245243078
4214100245243086
4214100245243102
4214100245243110
4214100245243128
4214100245243136
4214100245243144
4214100245243151
4214100245243177
4214100245243185
4214100245243201
4214100245243227
4214100245243235
4214100245243243
4214100245243250
4214100245243268
4214100245243276
4214100245243284
4214100245243300
4214100245243318
4214100245243326
4214100245243334
4214100245243342
4214100245243367
4214100245243375
4214100245243383
4214100245243417
4214100245243425
4214100245243433
4214100245243441
4214100245243458
4214100245243466
4214100245243474
4214100245243482
4214100245243508
4214100245243516
4214100245243524
4214100245243532
4214100245243540
4214100245243557
4214100245243565
4214100245243573
4214100245243581
4214100245243607
4214100245243615
4214100245243623
4214100245243631
4214100245243656
4214100245243664
4214100245243672
4214100245243680
4214100245243706
4214100245243714
4214100245243722
4214100245243730
4214100245243748
4214100245243755
4214100245243763
4214100245243771
4214100245243805
4214100245243813
4214100245243821
4214100245243847
4214100245243854
4214100245243862
4214100245243870
4214100245243888
4214100245244001
4214100245244027
4214100245244035
4214100245244043
4214100245244050
4214100245244068
4214100245244076
4214100245244084
4214100245244100
4214100245244118
4214100245244126
4214100245244134
4214100245244142
4214100245244167
4214100245244175
4214100245244183
4214100245244217
4214100245244225
4214100245244233
4214100245244241
4214100245244258
4214100245244266
4214100245244274
4214100245244282
4214100245244308
4214100245244316
4214100245244324
4214100245244332
4214100245244340
4214100245244357
4214100245244365
4214100245244373
4214100245244381
4214100245244407
4214100245244415
4214100245244423
4214100245244431
4214100245244456
4214100245244464
4214100245244472
4214100245244480
4214100245244506
4214100245244514
4214100245244522
4214100245244530
4214100245244548
4214100245244555
4214100245244563
4214100245244571
4214100245244605
4214100245244613
4214100245244621
4214100245244647
4214100245244654
4214100245244662
4214100245244670
4214100245244688
4214100245244704
4214100245244712
4214100245244720
4214100245244738
4214100245244746
4214100245244753
4214100245244761
4214100245244787
4214100245244803
4214100245244811
4214100245244837
4214100245244845
4214100245244852
4214100245244860
4214100245244878
4214100245244886
4214100245245008
4214100245245016
4214100245245024
4214100245245032
4214100245245040
4214100245245057
4214100245245065
4214100245245073
4214100245245081
4214100245245107
4214100245245115
4214100245245123
4214100245245131
4214100245245156
4214100245245164
4214100245245172
4214100245245180
4214100245245206
4214100245245214
4214100245245222
4214100245245230
4214100245245248
4214100245245255
4214100245245263
4214100245245271
4214100245245305
4214100245245313
4214100245245321
4214100245245347
4214100245245354
4214100245245362
4214100245245370
4214100245245388
4214100245245404
4214100245245412
4214100245245420
4214100245245438
4214100245245446
4214100245245453
4214100245245461
4214100245245487
4214100245245503
4214100245245511
4214100245245537
4214100245245545
4214100245245552
4214100245245560
4214100245245578
4214100245245586
4214100245245602
4214100245245610
4214100245245628
4214100245245636
4214100245245644
4214100245245651
4214100245245677
4214100245245685
4214100245245701
4214100245245727
4214100245245735
4214100245245743
4214100245245750
4214100245245768
4214100245245776
4214100245245784
4214100245245800
4214100245245818
4214100245245826
4214100245245834
4214100245245842
4214100245245867
4214100245245875
4214100245245883
4214100245246006
4214100245246014
4214100245246022
4214100245246030
4214100245246048
4214100245246055
4214100245246063
4214100245246071
4214100245246105
4214100245246113
4214100245246121
4214100245246147
4214100245246154
4214100245246162
4214100245246170
4214100245246188
4214100245246204
4214100245246212
4214100245246220
4214100245246238
4214100245246246
4214100245246253
4214100245246261
4214100245246287
4214100245246303
4214100245246311
4214100245246337
4214100245246345
4214100245246352
4214100245246360
4214100245246378
4214100245246386
4214100245246402
4214100245246410
4214100245246428
4214100245246436
4214100245246444
4214100245246451
4214100245246477
4214100245246485
4214100245246501
4214100245246527
4214100245246535
4214100245246543
4214100245246550
4214100245246568
4214100245246576
4214100245246584
4214100245246600
4214100245246618
4214100245246626
4214100245246634
4214100245246642
4214100245246667
4214100245246675
4214100245246683
4214100245246717
4214100245246725
4214100245246733
4214100245246741
4214100245246758
4214100245246766
4214100245246774
4214100245246782
4214100245246808
4214100245246816
4214100245246824
4214100245246832
4214100245246840
4214100245246857
4214100245246865
4214100245246873
4214100245246881
4214100245247004
4214100245247012
4214100245247020
4214100245247038
4214100245247046
4214100245247053
4214100245247061
4214100245247087
4214100245247103
4214100245247111
4214100245247137
4214100245247145
4214100245247152
4214100245247160
4214100245247178
4214100245247186
4214100245247202
4214100245247210
4214100245247228
4214100245247236
4214100245247244
4214100245247251
4214100245247277
4214100245247285
4214100245247301
4214100245247327
4214100245247335
4214100245247343
4214100245247350
4214100245247368
4214100245247376
4214100245247384
4214100245247400
4214100245247418
4214100245247426
4214100245247434
4214100245247442
4214100245247467
4214100245247475
4214100245247483
4214100245247517
4214100245247525
4214100245247533
4214100245247541
4214100245247558
4214100245247566
4214100245247574
4214100245247582
4214100245247608
4214100245247616
4214100245247624
4214100245247632
4214100245247640
4214100245247657
4214100245247665
4214100245247673
4214100245247681
4214100245247707
4214100245247715
4214100245247723
4214100245247731
4214100245247756
4214100245247764
4214100245247772
4214100245247780
4214100245247806
4214100245247814
4214100245247822
4214100245247830
4214100245247848
4214100245247855
4214100245247863
4214100245247871
4214100245248002
4214100245248010
4214100245248028
4214100245248036
4214100245248044
4214100245248051
4214100245248077
4214100245248085
4214100245248101
4214100245248127
4214100245248135
4214100245248143
4214100245248150
4214100245248168
4214100245248176
4214100245248184
4214100245248200
4214100245248218
4214100245248226
4214100245248234
4214100245248242
4214100245248267
4214100245248275
4214100245248283
4214100245248317
4214100245248325
4214100245248333
4214100245248341
4214100245248358
4214100245248366
4214100245248374
4214100245248382
4214100245248408
4214100245248416
4214100245248424
4214100245248432
4214100245248440
4214100245248457
4214100245248465
4214100245248473
4214100245248481
4214100245248507
4214100245248515
4214100245248523
4214100245248531
4214100245248556
4214100245248564
4214100245248572
4214100245248580
4214100245248606
4214100245248614
4214100245248622
4214100245248630
4214100245248648
4214100245248655
4214100245248663
4214100245248671
4214100245248705
4214100245248713
4214100245248721
4214100245248747
4214100245248754
4214100245248762
4214100245248770
4214100245248788
4214100245248804
4214100245248812
4214100245248820
4214100245248838
4214100245248846
4214100245248853
4214100245248861
4214100245248887
4214100245250008
4214100245250016
4214100245250024
4214100245250032
4214100245250040
4214100245250057
4214100245250065
4214100245250073
4214100245250081
4214100245250107
4214100245250115
4214100245250123
4214100245250131
4214100245250156
4214100245250164
4214100245250172
4214100245250180
4214100245250206
4214100245250214
4214100245250222
4214100245250230
4214100245250248
4214100245250255
4214100245250263
4214100245250271
4214100245250305
4214100245250313
4214100245250321
4214100245250347
4214100245250354
4214100245250362
4214100245250370
4214100245250388
4214100245250404
4214100245250412
4214100245250420
4214100245250438
4214100245250446
4214100245250453
4214100245250461
4214100245250487
4214100245250503
4214100245250511
4214100245250537
4214100245250545
4214100245250552
4214100245250560
4214100245250578
4214100245250586
4214100245250602
4214100245250610
4214100245250628
4214100245250636
4214100245250644
4214100245250651
4214100245250677
4214100245250685
4214100245250701
4214100245250727
4214100245250735
4214100245250743
4214100245250750
4214100245250768
4214100245250776
4214100245250784
4214100245250800
4214100245250818
4214100245250826
4214100245250834
4214100245250842
4214100245250867
4214100245250875
4214100245250883
4214100245251006
4214100245251014
4214100245251022
4214100245251030
4214100245251048
4214100245251055
4214100245251063
4214100245251071
4214100245251105
4214100245251113
4214100245251121
4214100245251147
4214100245251154
4214100245251162
4214100245251170
4214100245251188
4214100245251204
4214100245251212
4214100245251220
4214100245251238
4214100245251246
4214100245251253
4214100245251261
4214100245251287
4214100245251303
4214100245251311
4214100245251337
4214100245251345
4214100245251352
4214100245251360
4214100245251378
4214100245251386
4214100245251402
4214100245251410
4214100245251428
4214100245251436
4214100245251444
4214100245251451
4214100245251477
4214100245251485
4214100245251501
4214100245251527
4214100245251535
4214100245251543
4214100245251550
4214100245251568
4214100245251576
4214100245251584
4214100245251600
4214100245251618
4214100245251626
4214100245251634
4214100245251642
4214100245251667
4214100245251675
4214100245251683
4214100245251717
4214100245251725
4214100245251733
4214100245251741
4214100245251758
4214100245251766
4214100245251774
4214100245251782
4214100245251808
4214100245251816
4214100245251824
4214100245251832
4214100245251840
4214100245251857
4214100245251865
4214100245251873
4214100245251881
4214100245252004
4214100245252012
4214100245252020
4214100245252038
4214100245252046
4214100245252053
4214100245252061
4214100245252087
4214100245252103
4214100245252111
4214100245252137
4214100245252145
4214100245252152
4214100245252160
4214100245252178
4214100245252186
4214100245252202
4214100245252210
4214100245252228
4214100245252236
4214100245252244
4214100245252251
4214100245252277
4214100245252285
4214100245252301
4214100245252327
4214100245252335
4214100245252343
4214100245252350
4214100245252368
4214100245252376
4214100245252384
4214100245252400
4214100245252418
4214100245252426
4214100245252434
4214100245252442
4214100245252467
4214100245252475
4214100245252483
4214100245252517
4214100245252525
4214100245252533
4214100245252541
4214100245252558
4214100245252566
4214100245252574
4214100245252582
4214100245252608
4214100245252616
4214100245252624
4214100245252632
4214100245252640
4214100245252657
4214100245252665
4214100245252673
4214100245252681
4214100245252707
4214100245252715
4214100245252723
4214100245252731
4214100245252756
4214100245252764
4214100245252772
4214100245252780
4214100245252806
4214100245252814
4214100245252822
4214100245252830
4214100245252848
4214100245252855
4214100245252863
4214100245252871
4214100245253002
4214100245253010
4214100245253028
4214100245253036
4214100245253044
4214100245253051
4214100245253077
4214100245253085
4214100245253101
4214100245253127
4214100245253135
4214100245253143
4214100245253150
4214100245253168
4214100245253176
4214100245253184
4214100245253200
4214100245253218
4214100245253226
4214100245253234
4214100245253242
4214100245253267
4214100245253275
4214100245253283
4214100245253317
4214100245253325
4214100245253333
4214100245253341
4214100245253358
4214100245253366
4214100245253374
4214100245253382
4214100245253408
4214100245253416
4214100245253424
4214100245253432
4214100245253440
4214100245253457
4214100245253465
4214100245253473
4214100245253481
4214100245253507
4214100245253515
4214100245253523
4214100245253531
4214100245253556
4214100245253564
4214100245253572
4214100245253580
4214100245253606
4214100245253614
4214100245253622
4214100245253630
4214100245253648
4214100245253655
4214100245253663
4214100245253671
4214100245253705
4214100245253713
4214100245253721
4214100245253747
4214100245253754
4214100245253762
4214100245253770
4214100245253788
4214100245253804
4214100245253812
4214100245253820
4214100245253838
4214100245253846
4214100245253861
4214100245253887
4214100245254000
4214100245254018
4214100245254026
4214100245254034
4214100245254042
4214100245254067
4214100245254075
4214100245254083
4214100245254117
4214100245254125
4214100245254133
4214100245254141
4214100245254158
4214100245254166
4214100245254174
4214100245254182
4214100245254208
4214100245254216
4214100245254224
4214100245254232
4214100245254240
4214100245254257
4214100245254265
4214100245254273
4214100245254281
4214100245254307
4214100245254315
4214100245254323
4214100245254331
4214100245254356
4214100245254364
4214100245254372
4214100245254380
4214100245254406
4214100245254414
4214100245254422
4214100245254430
4214100245254448
4214100245254455
4214100245254463
4214100245254471
4214100245254505
4214100245254513
4214100245254521
4214100245254547
4214100245254554
4214100245254562
4214100245254570
4214100245254588
4214100245254604
4214100245254612
4214100245254620
4214100245254638
4214100245254646
4214100245254653
4214100245254661
4214100245254687
4214100245254703
4214100245254711
4214100245254737
4214100245254745
4214100245254752
4214100245254760
4214100245254778
4214100245254786
4214100245254802
4214100245254810
4214100245254828
4214100245254836
4214100245254844
4214100245254851
4214100245254877
4214100245254885
4214100245255007
4214100245255015
4214100245255023
4214100245255031
4214100245255056
4214100245255064
4214100245255072
4214100245255080
4214100245255106
4214100245255114
4214100245255122
4214100245255130
4214100245255148
4214100245255155
4214100245255163
4214100245255171
4214100245255205
4214100245255213
4214100245255221
4214100245255247
4214100245255254
4214100245255262
4214100245255270
4214100245255288
4214100245255304
4214100245255312
4214100245255320
4214100245255338
4214100245255346
4214100245255353
4214100245255361
4214100245255387
4214100245255403
4214100245255411
4214100245255437
4214100245255445
4214100245255452
4214100245255460
4214100245255478
4214100245255486
4214100245255502
4214100245255510
4214100245255528
4214100245255536
4214100245255544
4214100245255551
4214100245255577
4214100245255585
4214100245255601
4214100245255627
4214100245255635
4214100245255643
4214100245255650
4214100245255668
4214100245255676
4214100245255684
4214100245255700
4214100245255718
4214100245255726
4214100245255734
4214100245255742
4214100245255767
4214100245255775
4214100245255783
4214100245255817
4214100245255825
4214100245255833
4214100245255841
4214100245255858
4214100245255866
4214100245255874
4214100245255882
4214100245256005
4214100245256013
4214100245256021
4214100245256047
4214100245256054
4214100245256062
4214100245256070
4214100245256088
4214100245256104
4214100245256112
4214100245256120
4214100245256138
4214100245256146
4214100245256153
4214100245256161
4214100245256187
4214100245256203
4214100245256211
4214100245256237
4214100245256245
4214100245256252
4214100245256260
4214100245256278
4214100245256286
4214100245256302
4214100245256310
4214100245256328
4214100245256336
4214100245256344
4214100245256351
4214100245256377
4214100245256385
4214100245256401
4214100245256427
4214100245256435
4214100245256443
4214100245256450
4214100245256468
4214100245256476
4214100245256484
4214100245256500
4214100245256518
4214100245256526
4214100245256534
4214100245256542
4214100245256567
4214100245256575
4214100245256583
4214100245256617
4214100245256625
4214100245256633
4214100245256641
4214100245256658
4214100245256666
4214100245256674
4214100245256682
4214100245256708
4214100245256716
4214100245256724
4214100245256732
4214100245256740
4214100245256757
4214100245256765
4214100245256773
4214100245256781
4214100245256807
4214100245256815
4214100245256823
4214100245256831
4214100245256856
4214100245256864
4214100245256872
4214100245256880
4214100245257003
4214100245257011
4214100245257037
4214100245257045
4214100245257052
4214100245257060
4214100245257078
4214100245257086
4214100245257102
4214100245257110
4214100245257128
4214100245257136
4214100245257144
4214100245257151
4214100245257177
4214100245257185
4214100245257201
4214100245257227
4214100245257235
4214100245257243
4214100245257250
4214100245257268
4214100245257276
4214100245257284
4214100245257300
4214100245257318
4214100245257326
4214100245257334
4214100245257342
4214100245257367
4214100245257375
4214100245257383
4214100245257417
4214100245257425
4214100245257433
4214100245257441
4214100245257458
4214100245257466
4214100245257474
4214100245257482
4214100245257508
4214100245257516
4214100245257524
4214100245257532
4214100245257540
4214100245257557
4214100245257565
4214100245257573
4214100245257581
4214100245257607
4214100245257615
4214100245257623
4214100245257631
4214100245257656
4214100245257664
4214100245257672
4214100245257680
4214100245257706
4214100245257714
4214100245257722
4214100245257730
4214100245257748
4214100245257755
4214100245257763
4214100245257771
4214100245257805
4214100245257813
4214100245257821
4214100245257847
4214100245257854
4214100245257862
4214100245257870
4214100245257888
4214100245258001
4214100245258027
4214100245258035
4214100245258043
4214100245258050
4214100245258068
4214100245258076
4214100245258084
4214100245258100
4214100245258118
4214100245258126
4214100245258134
4214100245258142
4214100245258167
4214100245258175
4214100245258183
4214100245258217
4214100245258225
4214100245258233
4214100245258241
4214100245258258
4214100245258266
4214100245258274
4214100245258282
4214100245258308
4214100245258316
4214100245258324
4214100245258332
4214100245258340
4214100245258357
4214100245258365
4214100245258373
4214100245258381
4214100245258407
4214100245258415
4214100245258423
4214100245258431
4214100245258456
4214100245258464
4214100245258472
4214100245258480
4214100245258506
4214100245258514
4214100245258522
4214100245258530
4214100245258548
4214100245258555
4214100245258563
4214100245258571
4214100245258605
4214100245258613
4214100245258621
4214100245258647
4214100245258654
4214100245258662
4214100245258670
4214100245258688
4214100245258704
4214100245258712
4214100245258720
4214100245258738
4214100245258746
4214100245258753
4214100245258761
4214100245258787
4214100245258803
4214100245258811
4214100245258837
4214100245258845
4214100245258852
4214100245258860
4214100245258878
4214100245258886
4214100245260007
4214100245260015
4214100245260023
4214100245260031
4214100245260056
4214100245260064
4214100245260072
4214100245260080
4214100245260106
4214100245260114
4214100245260122
4214100245260130
4214100245260148
4214100245260155
4214100245260163
4214100245260171
4214100245260205
4214100245260213
4214100245260221
4214100245260247
4214100245260254
4214100245260262
4214100245260270
4214100245260288
4214100245260304
4214100245260312
4214100245260320
4214100245260338
4214100245260346
4214100245260353
4214100245260361
4214100245260387
4214100245260403
4214100245260411
4214100245260437
4214100245260445
4214100245260452
4214100245260460
4214100245260478
4214100245260486
4214100245260502
4214100245260510
4214100245260528
4214100245260536
4214100245260544
4214100245260551
4214100245260577
4214100245260585
4214100245260601
4214100245260627
4214100245260635
4214100245260643
4214100245260650
4214100245260668
4214100245260676
4214100245260684
4214100245260700
4214100245260718
4214100245260726
4214100245260734
4214100245260742
4214100245260767
4214100245260775
4214100245260783
4214100245260817
4214100245260825
4214100245260833
4214100245260841
4214100245260858
4214100245260866
4214100245260874
4214100245260882
4214100245261005
4214100245261013
4214100245261021
4214100245261047
4214100245261054
4214100245261062
4214100245261070
4214100245261088
4214100245261104
4214100245261112
4214100245261120
4214100245261138
4214100245261146
4214100245261153
4214100245261161
4214100245261187
4214100245261203
4214100245261211
4214100245261237
4214100245261245
4214100245261252
4214100245261260
4214100245261278
4214100245261286
4214100245261302
4214100245261310
4214100245261328
4214100245261336
4214100245261344
4214100245261351
4214100245261377
4214100245261385
4214100245261401
4214100245261427
4214100245261435
4214100245261443
4214100245261450
4214100245261468
4214100245261476
4214100245261484
4214100245261500
4214100245261518
4214100245261526
4214100245261534
4214100245261542
4214100245261567
4214100245261575
4214100245261583
4214100245261617
4214100245261625
4214100245261633
4214100245261641
4214100245261658
4214100245261666
4214100245261674
4214100245261682
4214100245261708
4214100245261716
4214100245261724
4214100245261732
4214100245261740
4214100245261757
4214100245261765
4214100245261773
4214100245261781
4214100245261807
4214100245261815
4214100245261823
4214100245261831
4214100245261856
4214100245261864
4214100245261872
4214100245261880
4214100245262003
4214100245262011
4214100245262037
4214100245262045
4214100245262052
4214100245262060
4214100245262078
4214100245262086
4214100245262102
4214100245262110
4214100245262128
4214100245262136
4214100245262144
4214100245262151
4214100245262177
4214100245262185
4214100245262201
4214100245262227
4214100245262235
4214100245262243
4214100245262250
4214100245262268
4214100245262276
4214100245262284
4214100245262300
4214100245262318
4214100245262326
4214100245262334
4214100245262342
4214100245262367
4214100245262375
4214100245262383
4214100245262417
4214100245262425
4214100245262433
4214100245262441
4214100245262458
4214100245262466
4214100245262474
4214100245262482
4214100245262508
4214100245262516
4214100245262524
4214100245262532
4214100245262540
4214100245262557
4214100245262565
4214100245262573
4214100245262581
4214100245262607
4214100245262615
4214100245262623
4214100245262631
4214100245262656
4214100245262664
4214100245262672
4214100245262680
4214100245262706
4214100245262714
4214100245262722
4214100245262730
4214100245262748
4214100245262755
4214100245262763
4214100245262771
4214100245262805
4214100245262813
4214100245262821
4214100245262847
4214100245262854
4214100245262862
4214100245262870
4214100245262888
4214100245263001
4214100245263027
4214100245263035
4214100245263043
4214100245263050
4214100245263068
4214100245263076
4214100245263084
4214100245263100
4214100245263118
4214100245263126
4214100245263134
4214100245263142
4214100245263167
4214100245263175
4214100245263183
4214100245263217
4214100245263225
4214100245263233
4214100245263241
4214100245263258
4214100245263266
4214100245263274
4214100245263282
4214100245263308
4214100245263316
4214100245263324
4214100245263332
4214100245263340
4214100245263357
4214100245263365
4214100245263373
4214100245263381
4214100245263407
4214100245263415
4214100245263423
4214100245263431
4214100245263456
4214100245263464
4214100245263472
4214100245263480
4214100245263506
4214100245263514
4214100245263522
4214100245263530
4214100245263548
4214100245263555
4214100245263563
4214100245263571
4214100245263605
4214100245263613
4214100245263621
4214100245263647
4214100245263654
4214100245263662
4214100245263670
4214100245263688
4214100245263704
4214100245263712
4214100245263720
4214100245263738
4214100245263746
4214100245263753
4214100245263761
4214100245263787
4214100245263803
4214100245263811
4214100245263837
4214100245263845
4214100245263852
4214100245263860
4214100245263878
4214100245263886
4214100245264017
4214100245264025
4214100245264033
4214100245264041
4214100245264058
4214100245264066
4214100245264074
4214100245264082
4214100245264108
4214100245264116
4214100245264124
4214100245264132
4214100245264140
4214100245264157
4214100245264165
4214100245264173
4214100245264181
4214100245264207
4214100245264215
4214100245264223
4214100245264231
4214100245264256
4214100245264264
4214100245264272
4214100245264280
4214100245264306
4214100245264314
4214100245264322
4214100245264330
4214100245264348
4214100245264355
4214100245264363
4214100245264371
4214100245264405
4214100245264413
4214100245264421
4214100245264447
4214100245264454
4214100245264462
4214100245264470
4214100245264488
4214100245264504
4214100245264512
4214100245264520
4214100245264538
4214100245264546
4214100245264553
4214100245264561
4214100245264587
4214100245264603
4214100245264611
4214100245264637
4214100245264645
4214100245264652
4214100245264660
4214100245264678
4214100245264686
4214100245264702
4214100245264710
4214100245264728
4214100245264736
4214100245264744
4214100245264751
4214100245264777
4214100245264785
4214100245264801
4214100245264827
4214100245264835
4214100245264843
4214100245264850
4214100245264868
4214100245264876
4214100245264884
4214100245265006
4214100245265014
4214100245265022
4214100245265030
4214100245265048
4214100245265055
4214100245265063
4214100245265071
4214100245265105
4214100245265113
4214100245265121
4214100245265147
4214100245265154
4214100245265162
4214100245265170
4214100245265188
4214100245265204
4214100245265212
4214100245265220
4214100245265238
4214100245265246
4214100245265253
4214100245265261
4214100245265287
4214100245265303
4214100245265311
4214100245265337
4214100245265345
4214100245265352
4214100245265360
4214100245265378
4214100245265386
4214100245265402
4214100245265410
4214100245265428
4214100245265436
4214100245265444
4214100245265451
4214100245265477
4214100245265485
4214100245265501
4214100245265527
4214100245265535
4214100245265543
4214100245265550
4214100245265568
4214100245265576
4214100245265584
4214100245265600
4214100245265618
4214100245265626
4214100245265634
4214100245265642
4214100245265667
4214100245265675
4214100245265683
4214100245265717
4214100245265725
4214100245265733
4214100245265741
4214100245265758
4214100245265766
4214100245265774
4214100245265782
4214100245265808
4214100245265816
4214100245265824
4214100245265832
4214100245265840
4214100245265857
4214100245265865
4214100245265873
4214100245265881
4214100245266004
4214100245266012
4214100245266020
4214100245266038
4214100245266046
4214100245266053
4214100245266061
4214100245266087
4214100245266103
4214100245266111
4214100245266137
4214100245266145
4214100245266152
4214100245266160
4214100245266178
4214100245266186
4214100245266202
4214100245266210
4214100245266228
4214100245266236
4214100245266244
4214100245266251
4214100245266277
4214100245266285
4214100245266301
4214100245266327
4214100245266335
4214100245266343
4214100245266350
4214100245266368
4214100245266376
4214100245266384
4214100245266400
4214100245266418
4214100245266426
4214100245266434
4214100245266442
4214100245266467
4214100245266475
4214100245266483
4214100245266517
4214100245266525
4214100245266533
4214100245266541
4214100245266558
4214100245266566
4214100245266574
4214100245266582
4214100245266608
4214100245266616
4214100245266624
4214100245266632
4214100245266640
4214100245266657
4214100245266665
4214100245266673
4214100245266681
4214100245266707
4214100245266715
4214100245266723
4214100245266731
4214100245266756
4214100245266764
4214100245266772
4214100245266780
4214100245266806
4214100245266814
4214100245266822
4214100245266830
4214100245266848
4214100245266855
4214100245266863
4214100245266871
4214100245267002
4214100245267010
4214100245267028
4214100245267036
4214100245267044
4214100245267051
4214100245267077
4214100245267085
4214100245267101
4214100245267127
4214100245267135
4214100245267143
4214100245267150
4214100245267168
4214100245267176
4214100245267184
4214100245267200
4214100245267218
4214100245267226
4214100245267234
4214100245267242
4214100245267267
4214100245267275
4214100245267283
4214100245267317
4214100245267325
4214100245267333
4214100245267341
4214100245267358
4214100245267366
4214100245267374
4214100245267382
4214100245267408
4214100245267416
4214100245267424
4214100245267432
4214100245267440
4214100245267457
4214100245267465
4214100245267473
4214100245267481
4214100245267507
4214100245267515
4214100245267523
4214100245267531
4214100245267556
4214100245267564
4214100245267572
4214100245267580
4214100245267606
4214100245267614
4214100245267622
4214100245267630
4214100245267648
4214100245267655
4214100245267663
4214100245267671
4214100245267705
4214100245267713
4214100245267721
4214100245267747
4214100245267754
4214100245267762
4214100245267770
4214100245267788
4214100245267804
4214100245267812
4214100245267820
4214100245267838
4214100245267846
4214100245267853
4214100245267861
4214100245267887
4214100245268000
4214100245268018
4214100245268026
4214100245268034
4214100245268042
4214100245268067
4214100245268075
4214100245268083
4214100245268117
4214100245268125
4214100245268133
4214100245268141
4214100245268158
4214100245268166
4214100245268174
4214100245268182
4214100245268208
4214100245268216
4214100245268224
4214100245268232
4214100245268240
4214100245268257
4214100245268265
4214100245268273
4214100245268281
4214100245268307
4214100245268315
4214100245268323
4214100245268331
4214100245268356
4214100245268364
4214100245268372
4214100245268380
4214100245268406
4214100245268414
4214100245268422
4214100245268430
4214100245268448
4214100245268455
4214100245268463
4214100245268471
4214100245268505
4214100245268513
4214100245268521
4214100245268547
4214100245268554
4214100245268562
4214100245268570
4214100245268588
4214100245268604
4214100245268612
4214100245268620
4214100245268638
4214100245268646
4214100245268653
4214100245268661
4214100245268687
4214100245268703
4214100245268711
4214100245268737
4214100245268745
4214100245268752
4214100245268760
4214100245268778
4214100245268786
4214100245268802
4214100245268810
4214100245268828
4214100245268836
4214100245268844
4214100245268851
4214100245268877
4214100245268885
4214100245270006
4214100245270014
4214100245270022
4214100245270030
4214100245270048
4214100245270055
4214100245270063
4214100245270071
4214100245270105
4214100245270113
4214100245270121
4214100245270147
4214100245270154
4214100245270162
4214100245270170
4214100245270188
4214100245270204
4214100245270212
4214100245270220
4214100245270238
4214100245270246
4214100245270253
4214100245270261
4214100245270287
4214100245270303
4214100245270311
4214100245270337
4214100245270345
4214100245270352
4214100245270360
4214100245270378
4214100245270386
4214100245270402
4214100245270410
4214100245270428
4214100245270436
4214100245270444
4214100245270451
4214100245270477
4214100245270485
4214100245270501
4214100245270527
4214100245270535
4214100245270543
4214100245270550
4214100245270568
4214100245270576
4214100245270584
4214100245270600
4214100245270618
4214100245270626
4214100245270634
4214100245270642
4214100245270667
4214100245270675
4214100245270683
4214100245270717
4214100245270725
4214100245270733
4214100245270741
4214100245270758
4214100245270766
4214100245270774
4214100245270782
4214100245270808
4214100245270816
4214100245270824
4214100245270832
4214100245270840
4214100245270857
4214100245270865
4214100245270873
4214100245270881
4214100245271004
4214100245271012
4214100245271020
4214100245271038
4214100245271046
4214100245271053
4214100245271061
4214100245271087
4214100245271103
4214100245271111
4214100245271137
4214100245271145
4214100245271152
4214100245271160
4214100245271178
4214100245271186
4214100245271202
4214100245271210
4214100245271228
4214100245271236
4214100245271244
4214100245271251
4214100245271277
4214100245271285
4214100245271301
4214100245271327
4214100245271335
4214100245271343
4214100245271350
4214100245271368
4214100245271376
4214100245271384
4214100245271400
4214100245271418
4214100245271426
4214100245271434
4214100245271442
4214100245271467
4214100245271475
4214100245271483
4214100245271517
4214100245271525
4214100245271533
4214100245271541
4214100245271558
4214100245271566
4214100245271574
4214100245271582
4214100245271608
4214100245271616
4214100245271624
4214100245271632
4214100245271640
4214100245271657
4214100245271665
4214100245271673
4214100245271681
4214100245271707
4214100245271715
4214100245271723
4214100245271731
4214100245271756
4214100245271764
4214100245271772
4214100245271780
4214100245271806
4214100245271814
4214100245271822
4214100245271830
4214100245271848
4214100245271855
4214100245271863
4214100245271871
4214100245272002
4214100245272010
4214100245272028
4214100245272036
4214100245272044
4214100245272051
4214100245272077
4214100245272085
4214100245272101
4214100245272127
4214100245272135
4214100245272143
4214100245272150
4214100245272168
4214100245272176
4214100245272184
4214100245272200
4214100245272218
4214100245272226
4214100245272234
4214100245272242
4214100245272267
4214100245272275
4214100245272283
4214100245272317
4214100245272325
4214100245272333
4214100245272341
4214100245272358
4214100245272366
4214100245272374
4214100245272382
4214100245272408
4214100245272416
4214100245272424
4214100245272432
4214100245272440
4214100245272457
4214100245272465
4214100245272473
4214100245272481
4214100245272507
4214100245272515
4214100245272523
4214100245272531
4214100245272556
4214100245272564
4214100245272572
4214100245272580
4214100245272606
4214100245272614
4214100245272622
4214100245272630
4214100245272648
4214100245272655
4214100245272663
4214100245272671
4214100245272705
4214100245272713
4214100245272721
4214100245272747
4214100245272754
4214100245272762
4214100245272770
4214100245272788
4214100245272804
4214100245272812
4214100245272820
4214100245272838
4214100245272846
4214100245272853
4214100245272861
4214100245272887
4214100245273000
4214100245273018
4214100245273026
4214100245273034
4214100245273042
4214100245273067
4214100245273075
4214100245273083
4214100245273117
4214100245273125
4214100245273133
4214100245273141
4214100245273158
4214100245273166
4214100245273174
4214100245273182
4214100245273208
4214100245273216
4214100245273224
4214100245273232
4214100245273240
4214100245273257
4214100245273265
4214100245273273
4214100245273281
4214100245273307
4214100245273315
4214100245273323
4214100245273331
4214100245273356
4214100245273364
4214100245273372
4214100245273380
4214100245273406
4214100245273414
4214100245273422
4214100245273430
4214100245273448
4214100245273455
4214100245273463
4214100245273471
4214100245273505
4214100245273513
4214100245273521
4214100245273547
4214100245273554
4214100245273562
4214100245273570
4214100245273588
4214100245273604
4214100245273612
4214100245273620
4214100245273638
4214100245273646
4214100245273653
4214100245273661
4214100245273687
4214100245273703
4214100245273711
4214100245273737
4214100245273745
4214100245273752
4214100245273760
4214100245273778
4214100245273786
4214100245273802
4214100245273810
4214100245273828
4214100245273836
4214100245273844
4214100245273851
4214100245273877
4214100245273885
4214100245274008
4214100245274016
4214100245274024
4214100245274032
4214100245274040
4214100245274057
4214100245274065
4214100245274073
4214100245274081
4214100245274107
4214100245274115
4214100245274123
4214100245274131
4214100245274156
4214100245274164
4214100245274172
4214100245274180
4214100245274206
4214100245274214
4214100245274222
4214100245274230
4214100245274248
4214100245274255
4214100245274263
4214100245274271
4214100245274305
4214100245274313
4214100245274321
4214100245274347
4214100245274354
4214100245274362
4214100245274370
4214100245274388
4214100245274404
4214100245274412
4214100245274420
4214100245274438
4214100245274446
4214100245274453
4214100245274461
4214100245274487
4214100245274503
4214100245274511
4214100245274537
4214100245274545
4214100245274552
4214100245274560
4214100245274578
4214100245274586
4214100245274602
4214100245274610
4214100245274628
4214100245274636
4214100245274644
4214100245274651
4214100245274677
4214100245274685
4214100245274701
4214100245274727
4214100245274735
4214100245274743
4214100245274750
4214100245274768
4214100245274776
4214100245274784
4214100245274800
4214100245274818
4214100245274826
4214100245274834
4214100245274842
4214100245274867
4214100245274875
4214100245274883
4214100245275005
4214100245275013
4214100245275021
4214100245275047
4214100245275054
4214100245275062
4214100245275070
4214100245275088
4214100245275104
4214100245275112
4214100245275120
4214100245275138
4214100245275146
4214100245275153
4214100245275161
4214100245275187
4214100245275203
4214100245275211
4214100245275237
4214100245275245
4214100245275252
4214100245275260
4214100245275278
4214100245275286
4214100245275302
4214100245275310
4214100245275328
4214100245275336
4214100245275344
4214100245275351
4214100245275377
4214100245275385
4214100245275401
4214100245275427
4214100245275435
4214100245275443
4214100245275450
4214100245275468
4214100245275476
4214100245275484
4214100245275500
4214100245275518
4214100245275526
4214100245275534
4214100245275542
4214100245275567
4214100245275575
4214100245275583
4214100245275617
4214100245275625
4214100245275633
4214100245275641
4214100245275658
4214100245275666
4214100245275674
4214100245275682
4214100245275708
4214100245275716
4214100245275724
4214100245275732
4214100245275740
4214100245275757
4214100245275765
4214100245275773
4214100245275781
4214100245275807
4214100245275815
4214100245275823
4214100245275831
4214100245275856
4214100245275864
4214100245275872
4214100245275880
4214100245276003
4214100245276011
4214100245276037
4214100245276045
4214100245276052
4214100245276060
4214100245276078
4214100245276086
4214100245276102
4214100245276110
4214100245276128
4214100245276136
4214100245276144
4214100245276151
4214100245276177
4214100245276185
4214100245276201
4214100245276227
4214100245276235
4214100245276243
4214100245276250
4214100245276268
4214100245276276
4214100245276284
4214100245276300
4214100245276318
4214100245276326
4214100245276334
4214100245276342
4214100245276367
4214100245276375
4214100245276383
4214100245276417
4214100245276425
4214100245276433
4214100245276441
4214100245276458
4214100245276466
4214100245276474
4214100245276482
4214100245276508
4214100245276516
4214100245276524
4214100245276532
4214100245276540
4214100245276557
4214100245276565
4214100245276573
4214100245276581
4214100245276607
4214100245276615
4214100245276623
4214100245276631
4214100245276656
4214100245276664
4214100245276672
4214100245276680
4214100245276706
4214100245276714
4214100245276722
4214100245276730
4214100245276748
4214100245276755
4214100245276763
4214100245276771
4214100245276805
4214100245276813
4214100245276821
4214100245276847
4214100245276854
4214100245276862
4214100245276870
4214100245276888
4214100245277001
4214100245277027
4214100245277035
4214100245277043
4214100245277050
4214100245277068
4214100245277076
4214100245277084
4214100245277100
4214100245277118
4214100245277126
4214100245277134
4214100245277142
4214100245277167
4214100245277175
4214100245277183
4214100245277217
4214100245277225
4214100245277233
4214100245277241
4214100245277258
4214100245277266
4214100245277274
4214100245277282
4214100245277308
4214100245277316
4214100245277324
4214100245277332
4214100245277340
4214100245277357
4214100245277365
4214100245277373
4214100245277381
4214100245277407
4214100245277415
4214100245277423
4214100245277431
4214100245277456
4214100245277464
4214100245277472
4214100245277480
4214100245277506
4214100245277514
4214100245277522
4214100245277530
4214100245277548
4214100245277555
4214100245277563
4214100245277571
4214100245277605
4214100245277613
4214100245277621
4214100245277647
4214100245277654
4214100245277662
4214100245277670
4214100245277688
4214100245277704
4214100245277712
4214100245277720
4214100245277738
4214100245277746
4214100245277753
4214100245277761
4214100245277787
4214100245277803
4214100245277811
4214100245277837
4214100245277845
4214100245277852
4214100245277860
4214100245277878
4214100245277886
4214100245278017
4214100245278025
4214100245278033
4214100245278041
4214100245278058
4214100245278066
4214100245278074
4214100245278082
4214100245278108
4214100245278116
4214100245278124
4214100245278132
4214100245278140
4214100245278157
4214100245278165
4214100245278173
4214100245278181
4214100245278207
4214100245278215
4214100245278223
4214100245278231
4214100245278256
4214100245278264
4214100245278272
4214100245278280
4214100245278306
4214100245278314
4214100245278322
4214100245278330
4214100245278348
4214100245278355
4214100245278363
4214100245278371
4214100245278405
4214100245278413
4214100245278421
4214100245278447
4214100245278454
4214100245278462
4214100245278470
4214100245278488
4214100245278504
4214100245278512
4214100245278520
4214100245278538
4214100245278546
4214100245278553
4214100245278561
4214100245278587
4214100245278603
4214100245278611
4214100245278637
4214100245278645
4214100245278652
4214100245278660
4214100245278678
4214100245278686
4214100245278702
4214100245278710
4214100245278728
4214100245278736
4214100245278744
4214100245278751
4214100245278777
4214100245278785
4214100245278801
4214100245278827
4214100245278835
4214100245278843
4214100245278850
4214100245278868
4214100245278876
4214100245278884
4214100245280005
4214100245280013
4214100245280021
4214100245280047
4214100245280054
4214100245280062
4214100245280070
4214100245280088
4214100245280104
4214100245280112
4214100245280120
4214100245280138
4214100245280146
4214100245280153
4214100245280161
4214100245280187
4214100245280203
4214100245280211
4214100245280237
4214100245280245
4214100245280252
4214100245280260
4214100245280278
4214100245280286
4214100245280302
4214100245280310
4214100245280328
4214100245280336
4214100245280344
4214100245280351
4214100245280377
4214100245280385
4214100245280401
4214100245280427
4214100245280435
4214100245280443
4214100245280450
4214100245280468
4214100245280476
4214100245280484
4214100245280500
4214100245280518
4214100245280526
4214100245280534
4214100245280542
4214100245280567
4214100245280575
4214100245280583
4214100245280617
4214100245280625
4214100245280633
4214100245280641
4214100245280658
4214100245280666
4214100245280674
4214100245280682
4214100245280708
4214100245280716
4214100245280724
4214100245280732
4214100245280740
4214100245280757
4214100245280765
4214100245280773
4214100245280781
4214100245280807
4214100245280815
4214100245280823
4214100245280831
4214100245280856
4214100245280864
4214100245280872
4214100245280880
4214100245281003
4214100245281011
4214100245281037
4214100245281045
4214100245281052
4214100245281060
4214100245281078
4214100245281086
4214100245281102
4214100245281110
4214100245281128
4214100245281136
4214100245281144
4214100245281151
4214100245281177
4214100245281185
4214100245281201
4214100245281227
4214100245281235
4214100245281243
4214100245281250
4214100245281268
4214100245281276
4214100245281284
4214100245281300
4214100245281318
4214100245281326
4214100245281334
4214100245281342
4214100245281367
4214100245281375
4214100245281383
4214100245281417
4214100245281425
4214100245281433
4214100245281441
4214100245281458
4214100245281466
4214100245281474
4214100245281482
4214100245281508
4214100245281516
4214100245281524
4214100245281532
4214100245281540
4214100245281557
4214100245281565
4214100245281573
4214100245281581
4214100245281607
4214100245281615
4214100245281623
4214100245281631
4214100245281656
4214100245281664
4214100245281672
4214100245281680
4214100245281706
4214100245281714
4214100245281722
4214100245281730
4214100245281748
4214100245281755
4214100245281763
4214100245281771
4214100245281805
4214100245281813
4214100245281821
4214100245281847
4214100245281854
4214100245281862
4214100245281870
4214100245281888
4214100245282001
4214100245282027
4214100245282035
4214100245282043
4214100245282050
4214100245282068
4214100245282076
4214100245282084
4214100245282100
4214100245282118
4214100245282126
4214100245282134
4214100245282142
4214100245282167
4214100245282175
4214100245282183
4214100245282217
4214100245282225
4214100245282233
4214100245282241
4214100245282258
4214100245282266
4214100245282274
4214100245282282
4214100245282308
4214100245282316
4214100245282324
4214100245282332
4214100245282340
4214100245282357
4214100245282365
4214100245282373
4214100245282381
4214100245282407
4214100245282415
4214100245282423
4214100245282431
4214100245282456
4214100245282464
4214100245282472
4214100245282480
4214100245282506
4214100245282514
4214100245282522
4214100245282530
4214100245282548
4214100245282555
4214100245282563
4214100245282571
4214100245282605
4214100245282613
4214100245282621
4214100245282647
4214100245282654
4214100245282662
4214100245282670
4214100245282688
4214100245282704
4214100245282712
4214100245282720
4214100245282738
4214100245282746
4214100245282753
4214100245282761
4214100245282787
4214100245282803
4214100245282811
4214100245282837
4214100245282845
4214100245282852
4214100245282860
4214100245282878
4214100245282886
4214100245283017
4214100245283025
4214100245283033
4214100245283041
4214100245283058
4214100245283066
4214100245283074
4214100245283082
4214100245283108
4214100245283116
4214100245283124
4214100245283132
4214100245283140
4214100245283157
4214100245283165
4214100245283173
4214100245283181
4214100245283207
4214100245283215
4214100245283223
4214100245283231
4214100245283256
4214100245283264
4214100245283272
4214100245283280
4214100245283306
4214100245283314
4214100245283322
4214100245283330
4214100245283348
4214100245283355
4214100245283363
4214100245283371
4214100245283405
4214100245283413
4214100245283421
4214100245283447
4214100245283454
4214100245283462
4214100245283470
4214100245283488
4214100245283504
4214100245283512
4214100245283520
4214100245283538
4214100245283546
4214100245283553
4214100245283561
4214100245283587
4214100245283603
4214100245283611
4214100245283637
4214100245283645
4214100245283652
4214100245283660
4214100245283678
4214100245283686
4214100245283702
4214100245283710
4214100245283728
4214100245283736
4214100245283744
4214100245283751
4214100245283777
4214100245283785
4214100245283801
4214100245283827
4214100245283835
4214100245283843
4214100245283850
4214100245283868
4214100245283876
4214100245283884
4214100245284007
4214100245284015
4214100245284023
4214100245284031
4214100245284056
4214100245284064
4214100245284072
4214100245284080
4214100245284106
4214100245284114
4214100245284122
4214100245284130
4214100245284148
4214100245284155
4214100245284163
4214100245284171
4214100245284205
4214100245284213
4214100245284221
4214100245284247
4214100245284254
4214100245284262
4214100245284270
4214100245284288
4214100245284304
4214100245284312
4214100245284320
4214100245284338
4214100245284346
4214100245284353
4214100245284361
4214100245284387
4214100245284403
4214100245284411
4214100245284437
4214100245284445
4214100245284452
4214100245284460
4214100245284478
4214100245284486
4214100245284502
4214100245284510
4214100245284528
4214100245284536
4214100245284544
4214100245284551
4214100245284577
4214100245284585
4214100245284601
4214100245284627
4214100245284635
4214100245284643
4214100245284650
4214100245284668
4214100245284676
4214100245284684
4214100245284700
4214100245284718
4214100245284726
4214100245284734
4214100245284742
4214100245284767
4214100245284775
4214100245284783
4214100245284817
4214100245284825
4214100245284833
4214100245284841
4214100245284858
4214100245284866
4214100245284874
4214100245284882
4214100245285004
4214100245285012
4214100245285020
4214100245285038
4214100245285046
4214100245285053
4214100245285061
4214100245285087
4214100245285103
4214100245285111
4214100245285137
4214100245285145
4214100245285152
4214100245285160
4214100245285178
4214100245285186
4214100245285202
4214100245285210
4214100245285228
4214100245285236
4214100245285244
4214100245285251
4214100245285277
4214100245285285
4214100245285301
4214100245285327
4214100245285335
4214100245285343
4214100245285350
4214100245285368
4214100245285376
4214100245285384
4214100245285400
4214100245285418
4214100245285426
4214100245285434
4214100245285442
4214100245285467
4214100245285475
4214100245285483
4214100245285517
4214100245285525
4214100245285533
4214100245285541
4214100245285558
4214100245285566
4214100245285574
4214100245285582
4214100245285608
4214100245285616
4214100245285624
4214100245285632
4214100245285640
4214100245285657
4214100245285665
4214100245285673
4214100245285681
4214100245285707
4214100245285715
4214100245285723
4214100245285731
4214100245285756
4214100245285764
4214100245285772
4214100245285780
4214100245285806
4214100245285814
4214100245285822
4214100245285830
4214100245285848
4214100245285855
4214100245285863
4214100245285871
4214100245286002
4214100245286010
4214100245286028
4214100245286036
4214100245286044
4214100245286051
4214100245286077
4214100245286085
4214100245286101
4214100245286127
4214100245286135
4214100245286143
4214100245286150
4214100245286168
4214100245286176
4214100245286184
4214100245286200
4214100245286218
4214100245286226
4214100245286234
4214100245286242
4214100245286267
4214100245286275
4214100245286283
4214100245286317
4214100245286325
4214100245286333
4214100245286341
4214100245286358
4214100245286366
4214100245286374
4214100245286382
4214100245286408
4214100245286416
4214100245286424
4214100245286432
4214100245286440
4214100245286457
4214100245286465
4214100245286473
4214100245286481
4214100245286507
4214100245286515
4214100245286523
4214100245286531
4214100245286556
4214100245286564
4214100245286572
4214100245286580
4214100245286606
4214100245286614
4214100245286622
4214100245286630
4214100245286648
4214100245286655
4214100245286663
4214100245286671
4214100245286705
4214100245286713
4214100245286721
4214100245286747
4214100245286754
4214100245286762
4214100245286770
4214100245286788
4214100245286804
4214100245286812
4214100245286820
4214100245286838
4214100245286846
4214100245286853
4214100245286861
4214100245286887
4214100245287000
4214100245287018
4214100245287026
4214100245287034
4214100245287042
4214100245287067
4214100245287075
4214100245287083
4214100245287117
4214100245287125
4214100245287133
4214100245287141
4214100245287158
4214100245287166
4214100245287174
4214100245287182
4214100245287208
4214100245287216
4214100245287224
4214100245287232
4214100245287240
4214100245287257
4214100245287265
4214100245287273
4214100245287281
4214100245287307
4214100245287315
4214100245287323
4214100245287331
4214100245287356
4214100245287364
4214100245287372
4214100245287380
4214100245287406
4214100245287414
4214100245287422
4214100245287430
4214100245287448
4214100245287455
4214100245287463
4214100245287471
4214100245287505
4214100245287513
4214100245287521
4214100245287547
4214100245287554
4214100245287562
4214100245287570
4214100245287588
4214100245287604
4214100245287612
4214100245287620
4214100245287638
4214100245287646
4214100245287653
4214100245287661
4214100245287687
4214100245287703
4214100245287711
4214100245287737
4214100245287745
4214100245287752
4214100245287760
4214100245287778
4214100245287786
4214100245287802
4214100245287810
4214100245287828
4214100245287836
4214100245287844
4214100245287851
4214100245287877
4214100245287885
4214100245288008
4214100245288016
4214100245288024
4214100245288032
4214100245288040
4214100245288057
4214100245288065
4214100245288073
4214100245288081
4214100245288107
4214100245288115
4214100245288123
4214100245288131
4214100245288156
4214100245288164
4214100245288172
4214100245288180
4214100245288206
4214100245288214
4214100245288222
4214100245288230
4214100245288248
4214100245288255
4214100245288263
4214100245288271
4214100245288305
4214100245288313
4214100245288321
4214100245288347
4214100245288354
4214100245288362
4214100245288370
4214100245288388
4214100245288404
4214100245288412
4214100245288420
4214100245288438
4214100245288446
4214100245288453
4214100245288461
4214100245288487
4214100245288503
4214100245288511
4214100245288537
4214100245288545
4214100245288552
4214100245288560
4214100245288578
4214100245288586
4214100245288602
4214100245288610
4214100245288628
4214100245288636
4214100245288644
4214100245288651
4214100245288677
4214100245288685
4214100245288701
4214100245288727
4214100245288735
4214100245288743
4214100245288750
4214100245288768
4214100245288776
4214100245288784
4214100245288800
4214100245288818
4214100245288826
4214100245288834
4214100245288842
4214100245288867
4214100245288875
4214100245288883
